1.57651e-28 0.992419 0.00754253 7.15541e-32 3.79955e-05 1.62057e-49 1.42649e-22 1.48301e-13 6.86059e-21 2.62169e-22 
7.8911e-17 0.976467 0.0235316 1.54262e-15 7.73697e-07 3.77982e-34 1.10526e-14 3.19311e-07 2.67461e-19 4.55415e-07 
4.63792e-31 1.49173e-07 1 6.3171e-40 9.16998e-16 4.12705e-52 6.17891e-37 2.24333e-26 1.69263e-32 7.45277e-24 
2.26507e-06 0.462889 0.0261509 1.60048e-14 0.445864 4.19283e-38 3.74192e-17 0.00108684 1.48328e-06 0.0640056 
3.23967e-16 0.414261 0.108772 2.40333e-19 0.476966 2.88508e-50 6.11885e-13 2.63979e-07 9.42257e-15 1.74636e-09 
1.68563e-22 0.998142 2.69145e-07 4.27397e-32 6.69436e-06 3.82101e-31 3.90149e-14 0.0018513 1.16172e-17 1.42043e-17 
5.36732e-07 0.655047 0.331202 5.06892e-14 1.29071e-12 6.22231e-59 1.42533e-12 4.90346e-28 4.10507e-16 0.013751 
2.20606e-28 1 4.74536e-17 1.58407e-23 2.84545e-17 5.20737e-40 1.78253e-23 9.1211e-12 9.32461e-19 2.12666e-16 
8.31023e-24 0.999801 0.000198657 2.12061e-28 4.8445e-14 7.57891e-72 5.02256e-20 2.20123e-11 1.50124e-07 7.13266e-15 
1.90608e-19 0.62302 0.298101 2.57326e-07 3.02458e-05 2.82431e-20 7.11315e-15 7.51498e-06 5.85027e-11 0.0788414 
2.03614e-19 0.999997 4.49136e-07 1.14011e-17 1.59745e-14 5.49558e-44 1.70884e-12 2.85604e-06 2.14708e-23 2.71759e-18 
2.16291e-29 1 8.17841e-20 7.74216e-31 4.865e-07 3.01193e-44 5.45006e-20 6.65149e-09 1.34737e-22 4.01892e-28 
3.94921e-10 0.27597 0.0439518 0.000177716 9.48697e-12 1.35462e-27 1.23659e-08 0.469343 7.58895e-08 0.210557 
3.7816e-31 1 1.88238e-18 6.03153e-29 1.4652e-10 2.10963e-45 1.65543e-13 1.90453e-13 1.00668e-22 2.52086e-26 
4.88601e-23 0.102767 3.03965e-06 1.40162e-09 0.880917 9.1379e-35 4.25755e-09 0.000673511 1.38829e-17 0.0156386 
3.61327e-18 0.77799 0.0253429 2.75462e-10 0.195597 1.31884e-42 1.0059e-17 7.08721e-19 1.4309e-30 0.00107013 
3.18692e-28 0.941227 1.1715e-36 0.000242407 8.38736e-19 0.0585306 1.53077e-30 3.21446e-15 8.51324e-25 5.57426e-27 
5.24777e-28 0.922991 6.17547e-16 1.96929e-20 4.56994e-07 3.2721e-47 4.53546e-17 0.0770088 1.52823e-07 1.2906e-23 
2.99997e-13 1.09552e-16 1 6.59972e-22 1.51974e-16 1.98284e-52 5.85048e-22 1.91936e-18 2.23921e-18 6.41917e-08 
9.99404e-23 0.999932 4.9017e-06 1.93332e-23 3.306e-07 5.37868e-31 2.65832e-07 6.27611e-05 4.23797e-23 1.21795e-26 
1.5132e-20 1 3.00666e-11 1.85007e-17 3.93287e-09 1.60632e-38 4.61723e-19 1.43303e-12 7.04601e-27 9.21795e-21 
4.5342e-10 0.980752 0.00527072 2.17953e-06 6.66283e-10 5.94851e-40 9.46499e-22 2.38126e-19 3.76724e-21 0.0139752 
2.71724e-16 0.0309814 0.365393 4.54593e-22 4.57334e-06 9.25075e-39 1.57708e-23 0.308002 5.97477e-15 0.295619 
2.80755e-13 0.360579 0.392405 5.05763e-09 0.0330238 4.12885e-36 3.94288e-25 6.04955e-31 7.4882e-14 0.213993 
1.13617e-15 0.921259 1.25565e-22 7.37861e-24 8.42091e-29 0.0787411 8.34267e-41 1.87917e-28 5.77507e-12 1.37776e-33 
2.76777e-19 0.916949 0.0746765 8.31612e-07 0.00273365 1.09052e-25 1.38997e-15 6.34771e-05 4.96115e-06 0.00557123 
4.96071e-29 0.225728 0.774272 1.09539e-37 6.9982e-17 1.43994e-45 2.01772e-21 6.59733e-11 5.00602e-20 8.02611e-26 
5.43962e-269 0.681217 2.70779e-29 7.91684e-94 0.318783 4.0014e-82 2.36339e-139 2.28887e-63 1.92192e-216 1.25431e-41 
2.82323e-05 0.304535 0.163569 1.31258e-05 0.317708 2.9777e-35 5.18953e-16 1.83558e-15 3.30138e-13 0.214147 
9.32257e-29 9.16198e-11 1 2.45576e-40 1.71185e-22 9.60926e-56 2.02249e-28 1.31541e-26 6.24906e-37 7.41134e-25 
7.18704e-36 0.697105 1.21801e-07 1.33483e-19 5.42096e-08 1.78463e-39 6.18121e-22 0.293872 6.96066e-26 0.00902323 
3.36879e-17 0.99797 9.6653e-09 1.45919e-19 3.45367e-10 1.25557e-41 5.00353e-06 4.67864e-08 1.27502e-09 0.00202535 
5.72143e-12 0.874537 2.26758e-08 5.22871e-18 0.0061456 3.9246e-46 9.57169e-19 0.118704 5.74102e-13 0.000613844 
1.27604e-16 1 4.11594e-10 2.15709e-18 1.30332e-13 1.79622e-36 1.76167e-15 8.19304e-12 2.87577e-16 8.73381e-17 
1.11425e-23 0.999434 5.79569e-21 1.45569e-21 0.000502893 1.19093e-27 3.47439e-14 6.30071e-05 8.49507e-15 7.21701e-13 
1.76825e-28 0.963503 3.95652e-28 6.53058e-22 4.8429e-17 0.0364972 1.37463e-25 1.452e-17 6.39449e-21 9.2664e-25 
5.87315e-10 0.0127486 0.686723 9.90502e-08 1.56697e-14 2.44535e-48 7.87168e-16 6.27545e-22 5.50983e-15 0.300528 
3.98367e-21 0.0997994 0.437046 2.21609e-14 0.463154 3.37589e-31 2.19502e-22 5.08156e-10 5.65016e-18 3.38224e-07 
8.11669e-25 1 2.76643e-08 5.42586e-19 4.56303e-15 8.63845e-42 4.49092e-14 8.62755e-26 5.67186e-24 2.77144e-07 
6.97037e-09 0.000967682 0.894086 0.000263996 2.0048e-11 6.8142e-47 1.96789e-23 1.43717e-25 1.71757e-20 0.104682 
3.60923e-25 0.8772 0.100596 7.46909e-21 0.022204 3.4359e-33 2.89494e-19 7.66305e-20 2.25911e-22 1.14157e-09 
1.12589e-18 0.131131 9.6944e-08 1.84402e-11 8.43505e-09 6.94758e-27 2.77195e-18 1.44003e-25 1.16507e-20 0.868869 
1.30778e-23 0.955244 0.000583721 5.18519e-15 0.0441718 4.28988e-33 1.69105e-20 1.18672e-15 9.68291e-16 6.7593e-12 
4.00637e-38 0.997627 2.50116e-18 3.25981e-21 0.00049894 3.94315e-42 8.11688e-17 0.00187375 4.51569e-18 1.81364e-07 
1.3418e-14 0.981772 0.0181971 1.88908e-35 3.35167e-09 7.9246e-39 7.44443e-20 6.21068e-25 1.33297e-07 3.0279e-05 
1.10557e-14 0.74465 4.51441e-05 2.57177e-14 0.073243 0.00784916 2.65838e-10 0.17027 0.00390707 3.59711e-05 
2.20427e-18 0.3808 5.08593e-08 7.74213e-08 7.4202e-10 1.08532e-39 1.07219e-16 0.543435 8.31671e-09 0.0757649 
3.92631e-22 0.838662 1.0197e-08 1.90942e-09 1.28399e-14 0.161332 5.02004e-17 4.11505e-15 2.8071e-23 5.8821e-06 
1.00702e-05 0.665456 0.000230041 5.27913e-06 7.44611e-12 1.40696e-28 5.52454e-11 1.05892e-13 2.40981e-05 0.334274 
4.4828e-19 0.000182451 0.0771455 5.78127e-14 0.910041 2.76428e-28 0.0121139 0.000516939 1.29266e-12 2.96861e-14 
7.51153e-21 1 7.08501e-12 5.08249e-12 2.01889e-16 3.24915e-47 2.02827e-21 2.95217e-24 1.8841e-29 1.84906e-15 
5.19899e-33 0.460114 0.539886 1.0303e-36 4.70513e-23 3.48065e-67 2.2631e-39 3.33209e-19 1.32327e-34 5.38439e-32 
4.87274e-15 0.999683 1.17507e-15 5.79486e-19 1.17585e-07 5.41727e-49 1.29813e-09 3.15947e-05 7.95094e-18 0.000285431 
5.56225e-13 0.601845 0.120923 0.00089931 2.19447e-09 6.69765e-35 2.79527e-13 1.34633e-16 7.05271e-12 0.276333 
1.6074e-26 0.950064 1.32258e-23 5.46042e-23 0.0012963 2.36548e-32 3.9871e-08 0.0221838 0.0264558 9.60992e-13 
2.78799e-11 0.831282 2.25632e-10 6.90598e-18 0.00286978 1.96891e-35 2.54008e-28 0.165829 1.89346e-05 2.8459e-09 
3.22369e-22 0.999997 2.09435e-15 3.6905e-27 3.21876e-06 1.98224e-37 6.71224e-21 7.94835e-09 5.28515e-22 8.72634e-22 
1.28021e-36 0.759966 0.240034 4.00709e-12 1.06219e-16 1.26128e-46 1.45994e-24 2.79522e-12 2.67371e-31 7.33907e-19 
1.07261e-22 0.941077 0.0589232 2.36453e-24 1.23293e-10 1.02698e-34 5.28647e-21 1.21311e-10 2.41242e-13 4.55815e-09 
1.40657e-23 0.997448 6.04794e-18 2.38869e-28 0.00251575 1.0276e-26 1.68033e-18 3.59718e-05 6.62274e-13 4.20141e-21 
0.120001 0.852204 5.23886e-06 9.30969e-11 0.0268393 1.69669e-49 1.47579e-17 1.90694e-06 0.00094825 2.67297e-09 
5.65458e-07 0.966206 5.82961e-10 2.71693e-22 6.60701e-10 1.57658e-34 1.54422e-12 0.0337931 6.37212e-28 8.4213e-19 
2.19911e-33 0.906533 8.50195e-37 2.32687e-13 6.45455e-13 0.0934668 1.13189e-31 6.3188e-07 3.00246e-26 1.27604e-44 
9.90093e-17 1 9.77094e-15 2.30132e-12 4.63383e-08 5.5544e-47 7.00247e-17 2.51744e-09 9.24314e-14 1.59019e-11 
9.11603e-29 0.242689 3.83633e-12 3.21103e-24 1.23927e-11 3.22286e-27 0.757209 6.36106e-05 3.72872e-05 2.80279e-07 
5.83171e-25 4.86981e-15 1 2.31863e-41 1.31461e-34 2.19364e-60 6.20776e-29 6.26688e-31 4.64818e-24 8.23469e-12 
2.96898e-21 0.99841 3.02088e-09 4.13541e-22 0.00147107 1.59143e-30 5.40943e-05 6.50556e-05 1.45504e-26 6.62177e-21 
1.78623e-28 0.99242 0.0075419 6.83289e-32 3.79962e-05 1.61225e-49 1.55519e-22 1.61883e-13 6.96126e-21 2.25052e-22 
2.01473e-20 1 7.7109e-12 5.10626e-12 4.07385e-16 7.00085e-46 1.3265e-21 5.18121e-25 8.95353e-31 1.55692e-15 
1.74455e-17 0.352923 0.599019 0.0480576 2.44694e-09 1.95214e-43 3.46597e-23 1.67577e-25 1.33438e-22 5.88271e-08 
1.3919e-21 0.463858 0.00619298 5.88586e-17 3.22189e-07 3.41577e-37 1.34806e-13 0.529944 6.0291e-12 5.02454e-06 
1.21406e-19 0.828126 3.98084e-10 4.18737e-12 0.171874 5.216e-37 1.56782e-15 9.42408e-16 8.69924e-19 1.65809e-08 
2.48553e-26 0.293623 0.362732 4.13589e-14 4.60522e-13 7.13797e-55 1.26903e-22 2.46492e-27 2.1487e-22 0.343645 
5.00117e-19 0.999897 4.23865e-06 4.47706e-16 9.9205e-05 4.96693e-35 3.40345e-13 3.49213e-12 4.85448e-14 1.15792e-10 
7.17122e-17 0.977422 0.0225493 4.02336e-11 2.66664e-05 1.10259e-36 6.87909e-11 2.43952e-06 1.02038e-17 2.45623e-11 
7.38309e-28 0.23992 9.9107e-18 4.57536e-25 4.7709e-19 1.41324e-28 0.76008 5.35182e-09 1.90721e-16 3.87103e-27 
3.50741e-32 0.990504 1.3172e-06 4.00844e-10 0.0094949 6.40643e-36 1.69726e-18 8.594e-08 9.11555e-09 7.13344e-10 
1.547e-28 0.531736 3.05793e-12 1.45804e-30 0.468234 6.5963e-34 3.02084e-05 2.59529e-08 4.66924e-16 4.04555e-18 
5.16848e-22 0.911382 8.92406e-22 5.70563e-32 2.11674e-05 0.0885971 1.48133e-19 4.18745e-12 2.48748e-19 1.79741e-36 
1.40097e-26 0.993844 4.15739e-18 1.02134e-26 8.75846e-07 3.26574e-24 0.00525299 0.000723818 0.000178788 1.14406e-12 
1.14121e-26 0.0115037 0.983347 1.17645e-26 1.57015e-13 4.43683e-30 1.83855e-14 8.70263e-16 0.00414375 0.00100597 
2.78359e-269 0.684082 3.8065e-29 6.651e-94 0.315918 5.35581e-82 3.0614e-139 1.95639e-63 1.65132e-216 7.96461e-42 
6.98933e-25 0.0999525 9.22497e-20 8.93826e-27 2.10431e-12 6.21874e-41 8.29565e-21 0.900047 2.31406e-21 1.73561e-18 
3.54735e-25 0.995628 9.77899e-08 1.32416e-18 9.61378e-17 1.43621e-38 0.00436262 9.73301e-06 3.87606e-11 6.54252e-14 
2.48679e-15 1 7.59938e-09 4.13206e-14 2.8024e-08 9.60807e-33 1.74055e-22 5.79741e-13 6.69456e-12 2.3818e-07 
5.31518e-22 0.999675 0.000324911 6.10301e-20 4.20017e-08 5.6452e-25 2.05817e-25 8.20461e-14 4.58677e-10 7.63169e-15 
3.09445e-21 0.999563 5.10622e-05 4.07508e-23 2.29981e-15 4.95303e-49 0.000311201 7.48621e-05 9.79926e-15 3.52115e-12 
6.0739e-36 0.4281 0.5719 4.17786e-35 3.21829e-19 1.40481e-31 3.97342e-25 6.00756e-12 1.74058e-22 1.41724e-27 
1.03215e-22 0.42668 0.57332 1.39327e-18 2.00238e-20 5.33273e-29 1.80961e-24 1.49921e-19 3.39404e-13 5.92815e-15 
1.65995e-18 0.999998 4.48776e-14 1.93639e-20 7.83388e-09 3.38476e-36 2.27331e-14 2.3922e-06 9.69433e-18 5.77975e-20 
2.25883e-30 1 3.40414e-22 1.4347e-33 7.70121e-17 5.49953e-43 1.56393e-22 1.03016e-09 4.01149e-27 5.97717e-22 
1.56642e-16 2.29424e-07 0.107911 5.71154e-06 0.177576 4.9287e-31 2.01355e-13 3.49468e-21 2.51465e-18 0.714507 
1.11937e-13 1 1.48142e-13 4.78301e-16 2.22007e-14 6.41954e-50 2.74594e-13 7.07984e-14 2.81727e-21 1.76573e-10 
7.69592e-10 0.877066 0.00022253 2.58727e-19 5.3795e-06 2.32755e-26 0.00245459 0.00833519 1.91327e-08 0.111916 
6.15454e-15 0.999998 2.15278e-19 9.62219e-27 7.47078e-12 5.76103e-37 8.80094e-13 1.79511e-06 1.72352e-08 3.38979e-21 
9.56799e-21 0.161064 0.838936 4.53274e-16 8.29642e-14 9.3161e-54 2.64452e-23 5.41905e-12 1.11708e-13 7.02917e-25 
1.3269e-32 0.458589 1.14363e-11 2.01373e-29 0.541411 3.0076e-41 1.68914e-09 2.72685e-13 1.22469e-22 3.76331e-23 
8.13255e-20 0.572877 0.0216357 0.00012062 9.92228e-06 5.04217e-47 2.787e-22 0.405357 7.94195e-23 2.31122e-22 
1.79789e-26 0.665363 5.45293e-18 3.56248e-23 0.270924 1.31594e-43 2.21308e-15 0.0637132 1.44928e-22 6.47451e-14 
1.62851e-40 0.00282219 9.76675e-20 7.02955e-34 1.11322e-12 4.54961e-44 1.26792e-16 0.997178 6.39044e-25 4.66194e-34 
9.32927e-25 1 6.69921e-09 9.67912e-19 5.83225e-15 1.21951e-41 6.81456e-14 1.27266e-25 9.01791e-24 2.71554e-07 
5.78918e-38 5.29629e-40 0.676932 0.323068 3.33889e-47 2.20255e-76 1.30998e-32 2.16431e-44 3.11025e-44 4.1934e-31 
1.00586e-07 6.59233e-16 0.181462 1.3141e-19 0.474091 5.8432e-43 0.0095587 0.334541 4.22888e-18 0.000346867 
2.0023e-19 4.74403e-17 5.94047e-13 0.400822 1.36194e-05 4.82617e-31 1.8363e-19 3.57255e-20 1.54162e-18 0.599164 
6.20018e-38 5.12655e-40 0.676932 0.323068 3.37002e-47 2.11299e-76 1.41647e-32 2.10499e-44 3.24345e-44 4.33309e-31 
5.72604e-34 1.08981e-24 3.81847e-19 1 9.60843e-24 4.76255e-70 5.84889e-35 5.93856e-30 1.35731e-37 1.47616e-13 
7.5384e-40 2.12814e-43 4.08362e-38 1 1.02142e-39 6.50599e-55 3.36564e-38 1.00819e-52 5.84306e-38 2.13412e-28 
8.46589e-21 2.95896e-29 3.24148e-19 1 3.90431e-25 4.39016e-53 5.16631e-21 3.89974e-35 7.84886e-33 8.39204e-20 
3.75688e-50 1.42796e-34 1.68629e-34 1 2.81905e-44 2.84902e-44 1.36275e-51 4.59127e-41 3.4704e-50 2.98372e-38 
3.4835e-39 1.00826e-29 1.52129e-34 0.21726 1.74009e-32 7.00636e-77 0.78274 9.01258e-53 2.27858e-45 6.20741e-20 
4.34253e-29 1.74219e-36 0.00404366 0.995956 2.73755e-34 4.72256e-48 6.43765e-25 1.7174e-42 1.41662e-35 7.82657e-22 
5.47913e-13 5.27697e-21 2.87851e-16 1 1.91966e-29 1.19881e-50 1.61023e-26 9.90668e-32 2.14899e-23 5.22054e-12 
9.51029e-22 1.43214e-12 3.7731e-23 1 2.69548e-27 1.11073e-44 9.46756e-28 4.24086e-43 2.06031e-27 1.84898e-13 
5.93094e-38 4.96902e-40 0.676932 0.323068 3.35047e-47 2.28247e-76 1.45913e-32 2.14487e-44 3.15122e-44 4.25891e-31 
4.41156e-25 4.47748e-28 5.41129e-19 1 4.42205e-33 5.43138e-53 1.29303e-18 1.17616e-24 1.20395e-35 1.46101e-15 
3.02634e-27 7.43269e-30 1.6097e-21 1 4.74005e-33 2.42184e-64 1.72808e-26 7.36273e-37 5.27865e-27 4.40755e-21 
1.94455e-09 2.66422e-43 1.15689e-24 0.607923 1.09182e-19 6.25535e-68 4.5846e-42 1.20842e-20 2.1565e-11 0.392077 
0.0844501 2.56301e-14 0.165536 0.515713 1.79495e-10 8.56212e-52 1.03585e-07 3.59848e-19 2.31584e-21 0.234301 
5.01063e-32 3.36268e-34 8.75202e-29 1 5.08066e-36 1.92244e-65 4.29885e-32 1.64639e-39 7.8977e-36 1.28604e-27 
9.38175e-22 1.43214e-12 3.98625e-23 1 2.73989e-27 1.25885e-44 1.00307e-27 4.20615e-43 2.41151e-27 2.112e-13 
5.24482e-13 5.50992e-21 2.89111e-16 1 1.98446e-29 1.23788e-50 1.66407e-26 1.08722e-31 2.31839e-23 5.12946e-12 
8.54556e-40 1.9678e-43 3.86484e-38 1 9.79292e-40 6.91172e-55 3.31977e-38 1.06147e-52 6.31946e-38 2.22199e-28 
8.35502e-26 6.23454e-32 0.328419 0.671581 2.61479e-31 6.65458e-60 5.91756e-34 1.3182e-37 8.78189e-33 5.61907e-19 
8.34783e-40 1.89527e-43 3.90525e-38 1 1.00959e-39 6.41709e-55 3.1029e-38 1.08448e-52 5.96964e-38 2.12927e-28 
3.49364e-39 1.02966e-29 1.36816e-34 0.21726 1.72697e-32 7.6192e-77 0.78274 8.83578e-53 2.21292e-45 6.30856e-20 
4.37302e-24 1.89466e-19 1.48005e-17 1 7.0596e-24 1.51498e-49 2.63566e-20 2.6944e-37 9.73228e-22 2.54342e-15 
2.98733e-27 7.02251e-30 1.64414e-21 1 5.18502e-33 2.48636e-64 1.65911e-26 6.81003e-37 5.72202e-27 4.37381e-21 
1.4795e-31 3.85745e-35 8.56417e-28 1 7.90952e-35 1.95666e-56 1.40961e-22 5.09338e-41 7.09818e-39 5.00321e-24 
2.71316e-24 1.66492e-21 9.61364e-23 1 8.61921e-14 2.17825e-61 3.59519e-19 2.07706e-24 1.28533e-26 1.60815e-23 
5.62284e-34 1.01785e-24 3.50094e-19 1 8.89621e-24 4.3768e-70 5.14853e-35 5.84663e-30 1.40466e-37 1.33435e-13 
8.01993e-40 1.96501e-43 4.09226e-38 1 1.0952e-39 7.13781e-55 3.16217e-38 1.04744e-52 6.20565e-38 2.25617e-28 
8.80809e-26 6.45863e-32 0.328419 0.671581 2.58829e-31 7.08239e-60 6.55015e-34 1.37885e-37 9.64209e-33 6.14909e-19 
3.58405e-39 1.07452e-29 1.51613e-34 0.21726 1.7823e-32 7.01668e-77 0.78274 8.70012e-53 2.39957e-45 6.08411e-20 
2.33984e-32 2.37535e-22 1.03368e-13 0.999999 7.84411e-21 5.92276e-48 6.02699e-24 4.2328e-37 1.57287e-32 7.41246e-07 
5.49482e-32 3.07252e-34 9.42268e-29 1 4.76711e-36 2.05021e-65 3.99599e-32 1.7697e-39 8.05957e-36 1.42255e-27 
3.84874e-39 9.86325e-30 1.46423e-34 0.21726 1.90803e-32 7.27436e-77 0.78274 9.46998e-53 2.4544e-45 6.40501e-20 
1.97678e-11 0.0532994 0.000306993 0.88036 2.49744e-07 9.91024e-50 0.0027323 0.00468832 1.15836e-06 0.058612 
1.25511e-25 2.42183e-25 0.0220279 0.977972 2.11653e-19 3.36379e-65 4.72828e-28 4.55579e-33 3.3263e-23 7.50245e-11 
2.84577e-15 2.28691e-13 0.0417932 0.958207 8.91371e-11 5.67207e-39 6.00202e-22 1.54945e-18 9.78887e-26 2.07896e-10 
4.01186e-39 1.00768e-29 1.48174e-34 0.21726 1.8537e-32 7.09137e-77 0.78274 9.94937e-53 2.38247e-45 6.46133e-20 
5.85493e-38 5.26172e-40 0.676932 0.323068 3.24946e-47 2.21145e-76 1.47527e-32 2.27286e-44 3.3009e-44 4.42569e-31 
4.28258e-25 4.14443e-28 5.39224e-19 1 4.23194e-33 5.21134e-53 1.2946e-18 1.05803e-24 1.07418e-35 1.41256e-15 
2.71441e-13 0.308802 0.564197 0.126983 3.78773e-15 6.07516e-40 2.66107e-11 3.55486e-20 9.28368e-13 1.74581e-05 
4.41976e-27 1.94616e-22 5.58994e-15 0.192013 2.34595e-28 1.51159e-40 3.97869e-22 2.23251e-31 4.36314e-28 0.807987 
3.49758e-39 1.00108e-29 1.44437e-34 0.21726 1.85042e-32 7.25805e-77 0.78274 8.66941e-53 2.33791e-45 6.12221e-20 
3.59359e-39 9.82543e-30 1.47965e-34 0.21726 1.8868e-32 6.97653e-77 0.78274 9.23482e-53 2.18985e-45 6.36267e-20 
1.11691e-38 1.1481e-36 2.46722e-18 1 2.78347e-36 3.44808e-67 1.08896e-33 1.39404e-40 2.22001e-33 1.07712e-27 
6.08369e-38 5.03162e-40 0.676932 0.323068 2.99023e-47 2.09078e-76 1.48473e-32 2.08719e-44 3.47858e-44 4.43487e-31 
4.27845e-29 1.85308e-36 0.00404366 0.995956 2.88133e-34 5.16579e-48 7.03238e-25 1.71179e-42 1.70443e-35 8.25256e-22 
2.17198e-29 3.06532e-16 8.79976e-09 1 1.66733e-21 8.83481e-46 7.13471e-17 1.99604e-21 8.02645e-23 6.97045e-22 
9.41188e-12 2.84391e-10 4.25498e-09 0.125643 0.0104102 3.93634e-39 4.84332e-12 6.65866e-09 4.9141e-23 0.863947 
6.29414e-10 2.67653e-19 2.20802e-08 0.999986 1.76357e-14 1.03644e-26 1.21864e-12 2.64432e-27 1.78836e-13 1.42939e-05 
1.37142e-31 3.45642e-35 8.21166e-28 1 7.64226e-35 1.97343e-56 1.40817e-22 4.58059e-41 6.11092e-39 4.69411e-24 
7.03481e-30 1.9593e-14 4.84157e-25 1 4.20505e-15 3.48748e-71 2.31745e-15 8.6929e-24 6.50842e-25 5.65852e-33 
2.11646e-29 3.3551e-16 8.79985e-09 1 1.67782e-21 9.07242e-46 7.8921e-17 1.84146e-21 8.6794e-23 6.36902e-22 
3.50466e-39 1.11772e-29 1.48194e-34 0.21726 1.66549e-32 6.30425e-77 0.78274 9.01245e-53 2.46528e-45 6.19075e-20 
2.12577e-20 4.82311e-47 6.77571e-17 0.965483 1.08669e-26 7.14989e-60 1.29599e-49 2.04484e-37 7.68639e-30 0.0345174 
3.76002e-39 9.05372e-30 1.33361e-34 0.21726 1.84231e-32 6.37474e-77 0.78274 9.0751e-53 2.19288e-45 6.03573e-20 
3.7761e-50 1.19922e-34 1.84084e-34 1 2.13843e-44 3.12297e-44 1.26846e-51 3.42681e-41 2.15758e-50 2.9097e-38 
8.45725e-21 2.76906e-29 3.02058e-19 1 4.04485e-25 4.00081e-53 5.2029e-21 4.04578e-35 8.17449e-33 7.94582e-20 
1.41973e-19 1.03134e-17 2.71713e-08 2.6273e-14 2.16705e-06 4.4615e-53 1.08952e-22 7.48178e-15 3.59431e-14 0.999998 
3.4394e-39 9.83796e-30 1.36158e-34 0.21726 1.74405e-32 6.34538e-77 0.78274 8.55693e-53 2.25494e-45 6.1537e-20 
4.32405e-29 1.69869e-36 0.00404366 0.995956 2.75256e-34 4.77077e-48 7.21903e-25 1.80358e-42 1.54727e-35 8.26539e-22 
0.167598 1.85091e-10 0.432246 0.036557 0.00192484 4.45734e-42 0.00584037 0.339349 5.16599e-05 0.0164341 
1.51372e-13 3.39749e-16 0.000128364 0.684426 3.10112e-15 5.32888e-42 5.33817e-08 2.61902e-23 4.71308e-26 0.315446 
9.99299e-22 1.43214e-12 4.38921e-23 1 2.84198e-27 1.12457e-44 9.86425e-28 4.22764e-43 2.11871e-27 1.99679e-13 
4.35073e-29 1.90806e-36 0.00404366 0.995956 2.72626e-34 4.89396e-48 6.59469e-25 1.74631e-42 1.62518e-35 8.38008e-22 
3.52331e-31 5.74983e-21 1.15626e-13 1 1.37495e-31 9.33725e-51 9.58151e-22 2.0346e-27 7.83893e-23 5.94241e-13 
2.7362e-24 1.53847e-21 9.19849e-23 1 7.74082e-14 2.1292e-61 3.49811e-19 2.41064e-24 1.01309e-26 1.74858e-23 
2.68364e-24 1.59691e-21 9.54138e-23 1 8.27043e-14 1.89623e-61 3.54894e-19 2.28775e-24 1.06856e-26 1.69764e-23 
2.11895e-32 2.36776e-22 1.03447e-13 0.999999 9.20875e-21 5.19351e-48 5.98791e-24 3.66088e-37 1.5075e-32 7.10307e-07 
7.87793e-40 1.97488e-43 3.84606e-38 1 1.00141e-39 6.39834e-55 3.07041e-38 1.00371e-52 6.4755e-38 1.98637e-28 
0.0347877 0.47821 0.00100818 0.00585568 0.473124 2.26386e-37 2.9613e-07 7.5617e-08 1.00837e-10 0.00701445 
1.48599e-13 3.58375e-16 0.000124917 0.684427 3.30542e-15 4.88187e-42 5.37568e-08 2.4655e-23 4.89336e-26 0.315448 
3.64862e-39 1.06917e-29 1.56047e-34 0.21726 1.77938e-32 6.06332e-77 0.78274 9.65311e-53 2.10093e-45 6.27046e-20 
8.79031e-26 6.6121e-32 0.328419 0.671581 2.56081e-31 7.70057e-60 6.07824e-34 1.4368e-37 9.50622e-33 5.84702e-19 
2.26643e-15 1.11583e-15 0.999906 5.45394e-23 6.5801e-16 8.45936e-46 2.78814e-25 3.70721e-08 1.31573e-13 9.3688e-05 
4.1355e-50 1.5123e-34 2.07927e-34 1 2.33073e-44 3.23651e-44 1.6903e-51 4.93374e-41 2.96964e-50 2.41908e-38 
9.47e-22 1.43214e-12 4.00676e-23 1 2.50027e-27 1.14918e-44 9.42619e-28 4.31735e-43 2.03281e-27 2.05336e-13 
7.42991e-30 1.87968e-14 4.71352e-25 1 3.22584e-15 3.16793e-71 2.31793e-15 8.05031e-24 6.25723e-25 6.5493e-33 
2.55644e-06 1.98067e-15 0.00905359 0.92947 1.68798e-08 1.092e-35 1.18316e-15 2.49099e-26 8.52069e-12 0.0614742 
5.50193e-32 3.10599e-34 8.77928e-29 1 5.16782e-36 2.14296e-65 4.39988e-32 1.96964e-39 8.32567e-36 1.19042e-27 
8.56153e-26 6.52166e-32 0.328419 0.671581 2.33834e-31 7.05455e-60 5.99566e-34 1.25055e-37 1.02543e-32 5.70507e-19 
8.46307e-21 3.0726e-29 3.16999e-19 1 4.14073e-25 4.52083e-53 5.24686e-21 4.17427e-35 9.45862e-33 8.76623e-20 
6.22817e-38 5.27317e-40 0.676932 0.323068 3.36734e-47 2.35058e-76 1.44059e-32 2.14128e-44 3.5519e-44 4.33649e-31 
2.28482e-32 2.38867e-22 1.01795e-13 0.999999 8.94534e-21 6.28525e-48 6.80603e-24 4.05256e-37 1.76208e-32 7.93442e-07 
7.59192e-21 3.63701e-17 1.77051e-26 1 1.35805e-36 7.49794e-54 4.94042e-30 2.76383e-45 1.3899e-26 2.3395e-18 
3.05007e-35 3.96187e-37 1.02395e-16 1 1.01762e-37 2.20144e-70 5.58001e-33 2.13422e-42 1.46049e-32 8.04154e-27 
1.48053e-31 3.34415e-35 8.35215e-28 1 7.09148e-35 1.86789e-56 1.41451e-22 4.93565e-41 6.70461e-39 4.83262e-24 
1.574e-31 3.6224e-35 8.40558e-28 1 7.75489e-35 2.01122e-56 1.41011e-22 4.76743e-41 7.13454e-39 5.09001e-24 
0.000208185 0.0141972 0.0267396 0.637515 1.5501e-06 4.08833e-31 0.186787 2.59074e-15 0.134545 7.18534e-06 
4.52588e-50 1.7311e-34 1.9867e-34 1 2.51796e-44 4.05745e-44 1.80847e-51 5.45204e-41 3.62676e-50 4.09356e-38 
1.31383e-11 4.48974e-05 4.22955e-08 1.27608e-11 1.35501e-08 4.0624e-34 5.12032e-11 0.000225598 2.12412e-12 0.999729 
2.58679e-23 1.32221e-14 4.99896e-15 7.92078e-33 1.37799e-24 6.70295e-55 3.87574e-13 2.55411e-23 1.1411e-25 1 
2.90194e-35 4.37949e-37 1.02395e-16 1 1.02184e-37 2.12786e-70 5.39415e-33 1.85734e-42 1.49275e-32 7.04448e-27 
3.57449e-39 9.68419e-30 1.44448e-34 0.21726 1.64695e-32 6.91795e-77 0.78274 9.07903e-53 2.34241e-45 5.99158e-20 
1.81806e-05 8.02737e-11 4.22392e-19 0.837048 1.05934e-18 2.61632e-60 3.25577e-31 2.72448e-31 6.30723e-31 0.162933 
4.88984e-10 0.0447377 0.326682 0.0101495 1.58851e-06 2.17207e-32 0.000149866 3.08213e-13 5.65872e-12 0.61828 
1.04843e-38 1.13904e-36 2.46678e-18 1 2.84864e-36 3.44038e-67 1.07332e-33 1.40927e-40 2.10591e-33 9.64963e-28 
7.73679e-21 3.63701e-17 1.85594e-26 1 1.27837e-36 6.72199e-54 4.58946e-30 2.713e-45 1.23616e-26 2.28768e-18 
2.89291e-27 7.37964e-30 1.60198e-21 1 4.49454e-33 2.22326e-64 1.69283e-26 7.4717e-37 5.81215e-27 4.45054e-21 
3.48423e-31 5.54598e-21 1.15903e-13 1 1.36928e-31 8.58004e-51 9.58002e-22 2.09458e-27 7.49952e-23 5.71616e-13 
4.21174e-34 3.47204e-12 2.1573e-33 7.36175e-52 2.20941e-26 1.92651e-58 1 8.13309e-13 2.20732e-27 8.69868e-32 
7.03545e-20 0.346978 1.03207e-23 1.49721e-40 0.534354 2.73426e-39 6.59379e-14 0.118668 4.82063e-16 3.10733e-17 
6.15036e-11 7.02081e-31 1.06969e-19 0.000348905 3.73001e-10 0.684174 5.17688e-18 4.91967e-30 0.00284253 0.312635 
6.26916e-15 4.1547e-13 5.24352e-18 2.50135e-18 2.07707e-11 1.17474e-16 0.994573 0.00542686 1.92787e-13 3.50693e-18 
9.73252e-11 1.23865e-10 6.36923e-13 2.78755e-06 8.2495e-06 1.3611e-20 0.594165 1.84529e-14 1.05677e-18 0.405824 
8.54658e-18 7.7072e-29 1.68084e-22 7.99763e-16 1.7619e-19 0.0970591 3.47673e-20 1.20009e-37 0.902941 1.09795e-11 
3.02972e-18 0.562285 2.02015e-22 3.17542e-30 0.000730724 0.0518472 3.86826e-25 0.38512 1.70902e-05 2.42973e-29 
1.58954e-22 7.14142e-16 1.46416e-26 2.02651e-28 3.44236e-29 0.000583663 0.999416 4.20984e-12 1.52316e-07 1.08802e-32 
4.09301e-35 5.23256e-16 6.64774e-33 1.96431e-42 1.95615e-31 2.58127e-44 1 7.93278e-23 1.52583e-28 2.19425e-28 
4.25606e-36 1.32522e-14 2.14651e-27 1.98332e-47 8.10842e-19 3.7491e-52 1 5.36109e-20 4.94758e-25 3.30854e-27 
9.52826e-08 2.47954e-11 1.09568e-26 7.84691e-24 3.95506e-09 4.13901e-14 0.932295 3.8659e-10 0.0677052 7.97529e-12 
1.75036e-13 2.46179e-12 0.161273 8.00481e-12 0.18069 4.64255e-42 0.00014073 7.57176e-16 0.604446 0.05345 
9.46493e-19 0.0170795 5.111e-22 2.11785e-29 1.16231e-18 2.50361e-17 0.954298 1.21891e-13 0.0286227 4.92364e-18 
8.24564e-36 1.02701e-15 2.81571e-23 7.58341e-45 5.90732e-25 1.33462e-36 1 3.71343e-17 1.80318e-28 7.86455e-28 
2.58735e-27 0.599064 0.400927 1.77511e-28 4.59837e-16 1.82979e-56 3.27237e-19 8.65356e-06 6.37959e-30 1.2571e-11 
1.48773e-38 6.45671e-23 2.48815e-35 1.12269e-41 3.01749e-27 8.73032e-65 1 1.45801e-21 1.1422e-32 1.71484e-38 
6.83079e-05 1.50537e-15 4.22011e-18 6.11156e-19 2.82094e-13 1.865e-29 0.795907 4.49381e-22 6.18533e-11 0.204025 
1.06894e-25 3.58068e-18 1.11519e-25 1.28849e-20 6.32839e-28 7.7643e-19 1 1.53408e-11 7.65084e-23 3.74306e-18 
0.30358 1.54138e-23 7.68415e-09 2.72011e-08 1.33869e-10 9.83519e-28 0.696056 2.31917e-17 0.000282104 8.23622e-05 
1.7761e-14 4.95235e-10 0.0260757 1.98061e-37 9.83399e-11 3.19865e-47 0.537867 0.00950256 0.426555 1.95684e-16 
3.25294e-35 1.19249e-13 6.02386e-33 1.00699e-32 5.1659e-35 5.22773e-64 1 2.90142e-25 1.84804e-31 5.858e-36 
1.23769e-40 1.03146e-11 4.4395e-20 5.60199e-35 2.60033e-20 0.00254177 0.997454 3.94674e-06 3.28976e-29 3.18064e-29 
4.20118e-39 4.80902e-09 7.89096e-39 7.74369e-64 6.92681e-20 1.40435e-46 1 8.75334e-11 4.90245e-38 1.5514e-32 
1.1621e-23 1.51967e-14 3.33299e-27 1.83912e-27 1.04321e-26 5.70211e-50 1 1.24864e-23 1.45166e-24 1.45276e-23 
7.30021e-32 1.21855e-11 6.2319e-18 2.28362e-23 1.0619e-15 1.71768e-46 0.00543826 1.65393e-09 3.13417e-20 0.994562 
8.81841e-28 2.88762e-09 1.29609e-19 1.25384e-38 2.81531e-26 7.53586e-11 1 4.04089e-16 1.13873e-18 3.44872e-29 
3.13538e-09 0.0226736 1.31693e-10 2.0446e-10 0.000107347 4.53395e-27 0.938846 0.0383713 1.94093e-06 7.04748e-09 
2.33337e-29 1.19542e-13 1.0546e-17 3.37708e-42 7.81436e-29 1.90332e-20 1 2.86556e-18 1.37576e-30 4.69753e-32 
3.30259e-07 1.76912e-13 1.69476e-10 6.07046e-05 4.94743e-24 1.0543e-33 0.837098 1.34659e-23 4.46465e-07 0.16284 
0.00216975 4.58358e-06 7.90306e-05 0.00792544 3.38278e-10 0.659678 2.92509e-08 2.24319e-17 0.000499311 0.329644 
2.52718e-41 4.93755e-15 3.48958e-32 1.51505e-30 8.72368e-43 3.0168e-43 1 2.88531e-23 1.05591e-27 2.10725e-33 
5.35147e-37 8.27782e-20 3.91518e-28 5.00696e-35 6.53818e-37 1.04666e-44 1 9.29047e-24 2.03324e-32 1.30742e-31 
9.30965e-35 7.31901e-11 3.83558e-15 7.83343e-19 9.73222e-18 7.09129e-31 0.999758 0.000241851 2.7023e-19 9.18708e-21 
1.2715e-22 0.999994 5.8061e-19 1.10511e-31 5.50171e-06 2.92817e-41 7.0309e-18 5.31434e-15 7.18733e-21 6.59492e-23 
0.0007226 0.113556 0.0122956 3.19086e-10 4.52119e-12 0.873196 1.28256e-19 2.80653e-12 0.000230272 5.15778e-09 
1.43364e-18 1.16543e-12 0.308077 1.76598e-11 4.8379e-18 8.11351e-33 2.74362e-20 4.93835e-27 0.654681 0.0372416 
5.76534e-08 2.90077e-07 0.404052 7.23439e-21 0.0311343 1.00272e-34 0.448939 1.90605e-09 1.46829e-08 0.115874 
5.74879e-16 2.32578e-06 0.00449148 1.09326e-05 1.16586e-06 1.16045e-30 0.182221 1.64241e-09 0.562442 0.250831 
2.9625e-29 3.10973e-13 9.44396e-30 8.50623e-35 1.71215e-21 4.71137e-41 1 2.39483e-18 1.93321e-15 2.28419e-26 
4.68716e-30 1.10758e-12 2.56754e-22 1.40493e-27 1.08243e-23 1.17881e-40 0.999997 3.48224e-06 7.15647e-32 4.5855e-29 
2.21147e-07 1.96825e-17 5.37821e-14 8.62791e-09 2.1757e-12 8.90023e-25 0.163839 4.47839e-24 0.556234 0.279927 
0.0320544 0.314104 3.18894e-07 0.000585887 0.00101132 0.384526 3.53243e-21 1.17016e-14 5.15061e-10 0.267718 
6.09697e-23 1.03545e-08 2.16737e-11 3.00283e-43 8.01014e-10 1.2064e-29 1 6.79132e-09 4.94449e-11 4.14003e-12 
9.68992e-46 8.42103e-23 1.07706e-34 1.3753e-42 8.89925e-28 1.68739e-61 1 2.10221e-21 1.00489e-30 1.0144e-39 
1.59644e-75 3.85401e-24 2.35153e-29 1.75282e-56 6.61531e-38 2.87709e-90 1 1.004e-30 4.20326e-42 4.07362e-58 
2.37568e-08 5.594e-08 8.21361e-06 0.0225134 0.000503748 0.526933 3.1541e-11 2.63639e-10 0.0917995 0.358242 
1.09712e-32 7.88635e-07 1.94318e-22 5.01916e-28 0.873454 5.74055e-44 2.96419e-13 0.126545 4.21973e-22 6.04056e-28 
4.5506e-11 2.24928e-06 1.70604e-11 1.17629e-25 1.51526e-19 6.67151e-23 0.459019 0.540979 3.28138e-13 2.49004e-08 
1.57277e-13 8.01069e-21 2.38628e-05 1.2052e-15 8.54759e-13 1.83471e-39 1.0924e-27 0.999326 2.06873e-10 0.000649754 
9.9862e-35 2.49354e-29 8.22064e-28 7.12976e-43 5.34184e-25 2.47443e-43 1 1.98801e-25 1.20481e-35 4.37118e-31 
4.14059e-24 1.1365e-17 7.02917e-22 5.93552e-25 1.09049e-26 3.53528e-24 0.999989 1.77351e-15 1.06591e-05 1.21864e-14 
4.90449e-24 4.30239e-10 0.963617 7.43106e-10 4.29428e-13 5.41424e-27 9.36856e-13 6.93319e-18 0.0146732 0.0217096 
1.53645e-36 1.43933e-13 5.68109e-33 7.53817e-52 5.24531e-25 1.57776e-49 1 3.7181e-18 1.33031e-30 1.52796e-34 
1.88524e-09 2.8195e-14 0.00164467 5.06979e-34 2.76263e-38 3.83054e-33 0.561518 3.87144e-40 0.432241 0.0045961 
8.87143e-31 1.1044e-19 2.79557e-28 2.27744e-42 1.30874e-35 3.45009e-48 1 4.57828e-20 6.57726e-24 7.24198e-24 
8.08659e-41 0.139162 4.82253e-16 2.36849e-29 1.09952e-08 1.69278e-36 5.22513e-07 0.000282946 4.09185e-10 0.860554 
7.47188e-41 1.06824e-28 1.0926e-35 1.53215e-54 1.77463e-35 1.10691e-58 1 2.36299e-31 3.71794e-44 1.07488e-36 
4.76012e-33 5.30455e-11 2.92912e-24 5.85903e-36 7.88347e-27 0.582983 0.417017 1.17792e-10 6.04329e-08 1.14603e-24 
7.19874e-29 0.0495145 8.08925e-15 7.28435e-24 0.0739157 3.36229e-37 1.29588e-13 0.87657 7.35612e-11 8.76252e-24 
2.06832e-10 5.36753e-08 3.23259e-17 3.26709e-20 1.82535e-21 8.7407e-32 0.999996 3.73097e-12 3.48474e-06 1.16797e-18 
1.84836e-32 0.0169312 5.74765e-13 0.0257825 1.37504e-30 2.32248e-57 0.957222 1.96217e-26 7.58672e-11 6.38067e-05 
2.34151e-25 4.58151e-16 2.36283e-24 5.55178e-43 7.79383e-25 1.27941e-23 0.921002 0.0789983 1.22546e-20 6.93569e-35 
4.24523e-41 1.76396e-32 3.55595e-30 1.48296e-29 3.63222e-29 4.20503e-34 1 2.6552e-19 3.24212e-18 6.50477e-21 
4.57825e-07 3.05316e-09 0.34861 1.36592e-23 0.0102659 1.2096e-44 0.10402 3.41929e-18 0.537104 4.46643e-08 
7.41031e-20 1.59614e-14 0.564478 0.00129907 2.42809e-13 4.32006e-28 0.0366567 7.04585e-14 0.397036 0.000530046 
5.08205e-43 5.93215e-10 2.24972e-35 3.65527e-55 4.88698e-24 6.57961e-36 1 3.96126e-15 7.06574e-31 5.32469e-33 
2.10275e-16 2.57096e-14 2.61879e-12 8.81419e-10 8.20905e-32 5.16788e-44 1.351e-12 5.70071e-17 1 1.23766e-07 
5.57122e-26 0.0848023 2.97986e-14 1.91193e-18 1.20072e-12 5.15108e-46 2.36893e-08 0.915198 1.37181e-20 2.73072e-21 
1.88022e-25 0.420051 5.50482e-16 4.85718e-26 3.93636e-19 1.13361e-13 0.579949 4.06693e-09 2.0461e-17 4.47246e-23 
1.96257e-35 3.96113e-13 3.58503e-25 1.23317e-36 1.50743e-30 0.622416 0.377584 3.33107e-12 5.91064e-09 2.79479e-28 
0.17017 8.4382e-10 3.78412e-14 1.16329e-07 0.104649 0.161533 1.42279e-13 5.59636e-22 0.41369 0.149958 
1.44012e-06 4.60634e-08 0.00125623 0.0432895 0.0344866 2.01955e-36 7.19004e-06 1.47425e-24 0.721923 0.199036 
9.56301e-14 2.71821e-19 8.72115e-09 5.1547e-14 2.46696e-15 9.47427e-20 1.60591e-06 4.73104e-20 0.0197611 0.980237 
3.99481e-51 4.36728e-16 7.08736e-37 3.85875e-28 5.57712e-25 1.19862e-28 1 1.02322e-24 1.26274e-29 4.54374e-43 
4.75792e-34 3.92273e-16 1.85224e-26 8.64076e-54 2.58838e-27 1.45618e-60 1 1.58256e-21 1.7526e-26 1.15782e-30 
4.174e-35 4.88688e-07 3.83377e-21 1.03941e-22 0.996051 2.03219e-42 7.53636e-24 0.00394886 8.45695e-27 4.26599e-28 
1.46795e-13 0.999821 2.2851e-16 3.00656e-25 8.1631e-07 1.30767e-43 1.09925e-07 0.000178015 1.64051e-14 1.08675e-27 
4.1894e-27 4.20333e-08 1.49003e-12 3.02102e-24 1.96926e-13 1.95206e-11 0.993237 8.27558e-08 0.00676283 5.63655e-18 
1.68654e-05 0.000439889 0.475197 1.19015e-15 1.6711e-19 4.81894e-26 8.27257e-16 1.29632e-19 0.462628 0.0617177 
1.84472e-09 0.105762 4.03672e-05 1.76669e-07 0.0853226 3.22127e-26 0.265436 7.95438e-06 1.59777e-07 0.543431 
7.60655e-28 0.863227 5.98064e-19 6.57177e-41 7.38966e-16 9.72455e-55 1.10635e-24 0.136773 8.91292e-19 7.18301e-24 
4.81904e-38 2.79754e-27 1.04079e-38 1.32708e-39 4.66012e-34 7.45942e-08 1 2.25805e-25 6.36158e-29 6.87221e-31 
1.48786e-34 1.90569e-05 1.08344e-18 1.55848e-31 0.985505 1.21207e-48 1.85049e-21 0.0144759 5.17077e-20 1.46471e-28 
1.77615e-33 2.54373e-18 1.67429e-24 2.09692e-40 2.79632e-31 8.71341e-18 1 7.30288e-24 2.23011e-27 2.31557e-27 
1.03102e-06 0.111302 0.532697 8.84643e-18 0.0131573 1.73398e-20 0.330983 2.11613e-15 0.000241138 0.0116181 
2.82446e-18 5.61927e-10 5.96976e-11 6.12223e-10 6.99681e-11 0.76345 2.93746e-18 1.82378e-16 0.000123629 0.236426 
3.48206e-08 2.03787e-11 8.69409e-09 0.00167982 5.44069e-12 0.79738 1.9779e-16 1.37537e-18 0.0156664 0.185274 
4.79283e-11 1.52714e-13 2.66867e-08 0.147462 0.295508 5.71241e-19 0.0169847 3.73115e-19 0.0110741 0.528971 
4.01047e-36 1.56155e-08 2.38009e-27 2.14705e-46 1.64576e-22 2.1413e-58 1 7.52772e-16 4.35474e-29 2.57665e-35 
8.05016e-40 3.77179e-22 9.00569e-29 2.97521e-37 4.20396e-31 1.13529e-48 1 2.17115e-19 2.57926e-27 1.04766e-30 
8.7514e-26 0.000280089 1.98271e-37 3.71084e-07 3.42418e-14 0.0717312 3.01147e-13 0.927988 1.53778e-11 2.80949e-24 
2.73682e-05 3.77209e-22 2.594e-10 0.244087 2.01086e-13 0.482505 1.06073e-25 2.52412e-26 4.5565e-08 0.27338 
4.09945e-11 3.6525e-15 6.24701e-10 9.18336e-18 7.67653e-14 3.72639e-40 0.564342 0.428471 3.27784e-09 0.00718752 
0.0753685 1.43296e-09 0.00792827 0.264386 3.05533e-06 1.26082e-06 4.85983e-06 2.20236e-15 0.27096 0.381348 
1.20191e-07 5.74913e-10 5.45704e-06 6.91262e-10 9.38324e-15 0.382304 2.90264e-16 7.80762e-15 0.0277884 0.589902 
3.11451e-41 7.59847e-10 1.51846e-22 2.03965e-13 8.73225e-38 2.93237e-51 1 7.66277e-36 1.75753e-18 2.24071e-14 
4.74676e-19 0.748525 2.17336e-14 1.30065e-21 6.2289e-16 4.00831e-37 0.251434 4.09575e-05 1.96046e-20 5.18613e-08 
0.0190577 3.1162e-05 2.05088e-05 0.451078 8.442e-19 2.64238e-11 7.00056e-09 2.48371e-20 0.300876 0.228937 
1.30784e-10 0.0171378 0.205982 1.00051e-27 7.66508e-24 4.85854e-39 0.617529 0.0284737 0.0233494 0.107529 
2.30137e-18 0.941108 5.2599e-14 1.34192e-20 0.0566544 1.53102e-42 3.22946e-16 0.00223791 2.49656e-22 1.62442e-25 
3.0522e-33 2.24051e-18 1.92749e-25 8.59331e-48 5.02808e-28 8.77627e-31 1 5.068e-27 2.06233e-30 1.18309e-28 
1.09978e-22 6.94913e-12 7.4832e-28 4.31166e-32 0.95771 1.14085e-43 1.26575e-19 0.0422902 1.25424e-21 3.7363e-27 
9.963e-32 8.71823e-08 7.30435e-41 2.50104e-40 0.791607 7.01813e-57 1.75713e-18 0.208393 2.27139e-26 3.83124e-36 
6.82296e-17 6.51687e-08 2.4586e-18 4.76623e-35 2.89563e-05 1.59582e-59 0.137395 0.862519 5.72446e-05 2.58325e-24 
2.05899e-19 1.33632e-29 6.47921e-23 2.98657e-33 1.23658e-16 3.11359e-10 6.84541e-26 1 8.37065e-25 8.28885e-18 
2.48531e-24 0.00556244 1.95976e-14 3.36236e-16 9.42648e-12 3.48772e-54 2.84258e-22 2.36471e-13 0.643743 0.350694 
4.24334e-28 2.96734e-16 1.34245e-35 5.21985e-41 0.330249 5.64885e-42 9.80809e-28 0.669751 3.77841e-09 6.2044e-32 
3.56606e-35 2.14648e-20 1.96277e-33 7.79057e-40 1 9.15665e-43 6.31197e-26 5.42777e-09 7.98579e-29 4.47974e-36 
1.80906e-07 0.00733572 6.6797e-11 2.2408e-11 0.798541 1.6779e-34 1.89175e-11 0.00622855 3.39593e-07 0.187895 
1.78741e-19 1.37796e-06 4.61379e-05 4.44681e-44 1.66447e-09 4.18852e-37 2.11743e-12 0.999952 1.62363e-12 9.37974e-31 
2.14885e-10 9.9992e-26 9.24124e-13 3.55329e-19 2.10419e-11 5.75685e-55 2.2244e-23 3.24577e-25 1.46299e-15 1 
9.59481e-18 2.35703e-11 3.38726e-16 1.77815e-22 3.24909e-13 9.85491e-30 1.63867e-25 0.225868 0.774132 4.81388e-18 
1.82288e-20 0.000924894 1.84786e-08 2.61683e-26 1.94456e-05 5.85616e-41 2.84203e-23 0.999056 1.70302e-23 7.43368e-15 
0.981915 2.52583e-08 3.16558e-10 6.29073e-13 3.2733e-05 6.93266e-27 1.73835e-15 0.00941385 3.75126e-12 0.00863859 
4.11882e-21 3.13797e-06 3.12322e-11 5.8174e-19 0.997974 2.47895e-39 6.02666e-18 0.00202057 1.27494e-20 1.95446e-06 
3.69703e-15 3.41043e-08 1.40472e-14 3.73087e-06 0.985182 3.2129e-32 1.32833e-18 3.16799e-11 3.77795e-18 0.0148145 
0.186443 1.89363e-08 1.2748e-16 4.65226e-22 6.61822e-08 3.61738e-30 3.04288e-25 0.152602 2.77391e-09 0.660955 
1.90419e-26 0.0264763 2.3316e-19 5.63746e-29 1.30102e-11 1.50659e-43 3.33611e-23 0.973524 1.79132e-15 6.78179e-15 
6.01527e-17 1.48395e-28 1.83828e-30 2.31242e-30 8.44717e-21 3.91282e-54 7.46867e-34 1 3.59153e-30 3.43266e-33 
5.20436e-05 1.56726e-15 2.64236e-16 4.65922e-18 9.57013e-09 3.49252e-30 3.13575e-18 0.0762897 0.923658 1.48274e-15 
4.71937e-15 6.83551e-10 1.6398e-14 9.28398e-13 0.0877092 5.20287e-37 1.36264e-13 0.912291 1.05855e-14 1.02378e-10 
2.29189e-29 6.99994e-20 1.75548e-26 1.49347e-43 2.31411e-17 1.42848e-47 8.58309e-21 1 2.16956e-13 2.04562e-20 
1.81942e-22 0.224924 1.1763e-07 4.76093e-31 0.040532 1.77126e-35 2.17397e-12 0.734544 5.71713e-17 1.51748e-07 
0.0385024 2.51857e-07 0.00366208 5.16774e-15 0.75901 8.12354e-26 3.2904e-12 4.12524e-08 0.0689153 0.12991 
1.44151e-37 9.55147e-30 9.50057e-30 2.90245e-35 1.82376e-24 3.18111e-50 3.81388e-30 1 6.6168e-30 9.41515e-35 
7.70956e-31 0.715518 1.86249e-29 2.3099e-33 4.46782e-08 2.35685e-39 2.57774e-23 0.284482 6.8202e-09 5.16198e-15 
3.75676e-13 1.66525e-25 1.18691e-22 1.51117e-35 1.92508e-05 3.88267e-55 1.41936e-23 0.999981 7.42992e-30 1.32237e-29 
1.94245e-40 5.25534e-32 7.50332e-39 2.31609e-51 1.67571e-30 7.38203e-83 2.50514e-40 1 1.58931e-32 1.26291e-45 
2.26869e-27 0.999956 2.43366e-16 3.78153e-27 2.85826e-11 6.66241e-47 2.40695e-08 4.37924e-05 3.48701e-24 8.7749e-17 
1.88867e-16 2.53401e-17 4.15681e-27 1.82154e-24 3.53296e-16 6.7904e-45 9.63555e-22 1 1.82638e-18 3.70325e-16 
1.82753e-24 1.58898e-20 4.2276e-32 8.34264e-30 8.09586e-17 1.55252e-36 1.91666e-11 1 2.56245e-19 2.50599e-21 
2.74012e-31 7.15911e-20 2.19726e-28 1.68032e-26 0.999909 1.10336e-49 3.03847e-27 9.05686e-05 4.04475e-24 2.33333e-14 
9.82756e-11 3.43771e-09 2.83356e-10 7.56898e-26 1.5864e-07 3.71533e-26 1.42521e-18 1 7.56923e-13 9.20772e-13 
1.44233e-28 2.46278e-13 9.11191e-16 6.68712e-27 0.0222457 2.03473e-43 4.55047e-21 0.977754 6.70207e-23 1.61826e-27 
5.28597e-14 1.51456e-05 4.51096e-11 4.80458e-08 0.652616 5.56698e-28 7.12815e-08 0.00106635 1.71316e-12 0.346302 
1.00485e-32 1.42265e-16 1.98783e-41 5.30788e-37 1.90667e-06 2.84359e-37 5.98309e-34 0.999998 1.57741e-12 5.03989e-34 
2.47925e-18 6.2848e-11 7.03202e-18 9.90691e-30 3.6212e-11 2.54587e-33 1.01559e-20 1 2.84763e-10 1.29768e-15 
1.04734e-18 0.0224048 9.05399e-06 1.44254e-19 0.000126214 2.76168e-52 7.07127e-16 0.97746 5.9902e-16 1.50488e-08 
0.985852 1.30136e-06 3.19642e-17 5.26351e-16 0.00265218 3.86657e-34 9.6565e-08 0.0114262 6.8036e-05 2.75244e-14 
1.18465e-13 8.29716e-08 2.17006e-07 0.261983 3.10328e-09 1.05209e-41 1.28064e-17 0.738014 3.17669e-06 1.79462e-13 
9.80978e-17 3.31795e-08 2.06931e-20 2.05221e-21 3.63311e-07 1.5186e-36 2.021e-12 0.111758 0.888242 1.85262e-21 
9.54353e-10 1.74859e-09 2.54725e-10 1.05024e-18 0.0340253 1.97936e-34 0.875317 0.0235055 7.87065e-11 0.0671525 
6.34722e-36 2.26996e-07 1.13753e-33 2.12973e-59 6.18501e-15 1.10373e-69 2.91208e-29 0.999996 1.09477e-19 3.83956e-06 
7.07519e-11 0.00973494 1.16515e-17 4.34625e-22 1.33276e-08 6.81711e-18 2.7299e-18 0.639772 6.02275e-09 0.350493 
1.52089e-28 0.191207 4.68568e-24 5.2027e-31 0.00100055 2.18597e-35 3.21808e-26 0.807792 5.41764e-12 1.84651e-19 
1.83498e-10 5.79641e-07 2.60385e-21 2.4625e-15 0.678593 5.91745e-46 1.35176e-21 0.321406 2.86862e-14 1.44628e-15 
1.3429e-25 0.975016 1.24519e-14 1.4041e-31 1.66861e-15 4.39632e-48 0.0249844 2.12469e-12 1.74754e-10 2.05246e-11 
4.15819e-28 1.95934e-10 4.72456e-19 8.75774e-25 0.893185 5.50018e-58 3.81576e-25 0.106815 4.52732e-27 8.6402e-34 
3.33865e-12 2.54637e-19 2.64745e-13 1.47193e-23 3.92072e-21 6.14091e-18 1.42392e-17 3.01284e-20 4.11554e-07 1 
0.563045 0.000325884 1.16552e-11 5.53662e-12 0.0688749 8.15236e-33 6.61396e-18 0.365068 0.00266549 2.0785e-05 
2.37109e-13 1.15315e-27 9.70106e-22 7.69249e-29 1.25792e-11 1.64006e-51 2.26476e-27 1 3.21763e-34 1.50814e-30 
6.59573e-21 1.81274e-13 2.33719e-31 1.73211e-36 4.08694e-08 2.75781e-33 9.413e-24 1 6.01123e-25 1.87928e-32 
0.0942183 5.95607e-05 2.14191e-14 4.80267e-28 0.000381414 1.10591e-30 0.00126949 0.00102571 0.094262 0.808784 
