0 2.73417e-19 8.15418e-26 2.2999e-19 9.10332e-10 0.378002 2.44248e-07 1.24436e-15 4.54601e-12 0.621998 2.68839e-23 
1 5.91958e-15 2.13915e-27 3.16132e-27 7.59516e-17 1 2.00094e-10 2.68547e-25 1.39207e-16 1.38996e-09 1.54188e-32 
2 4.98063e-33 2.58756e-35 2.15684e-31 1.23293e-27 1.98291e-10 1.22779e-20 1 3.31311e-17 9.84904e-13 6.15601e-25 
3 0.00190869 2.43906e-23 4.37959e-12 2.22457e-09 0.99546 0.00161923 5.88916e-09 0.00100226 1.00029e-05 4.42383e-09 
4 1.43167e-11 3.44174e-29 0.000109861 4.23089e-09 0.999874 5.60052e-06 1.74212e-20 7.6397e-06 2.8726e-06 6.76252e-18 
5 5.87979e-10 2.31385e-23 3.88948e-20 1.08503e-06 0.829854 4.93313e-11 7.34047e-09 0.170144 6.78295e-07 1.89201e-15 
6 1.80533e-09 6.42837e-20 7.43018e-11 2.56105e-26 0.301547 0.529927 4.03714e-05 1.77695e-19 0.168486 4.25601e-13 
7 3.23801e-19 1.5594e-25 1.32298e-17 1.83903e-14 0.46945 0.53019 3.1893e-19 0.000358268 1.97193e-06 1.97081e-28 
8 8.52488e-27 8.52019e-57 2.02458e-22 1.94913e-18 0.225559 0.715995 1.19963e-15 5.3966e-07 0.0584454 2.14445e-22 
9 2.31589e-06 1.60407e-08 3.6929e-15 9.79414e-13 0.277616 0.720177 9.9256e-05 0.00186707 0.000238464 1.41977e-16 
10 2.95703e-12 1.29676e-33 2.39679e-19 2.3665e-08 0.840765 0.00679728 8.42588e-07 6.65202e-05 0.15237 3.86741e-23 
11 9.93613e-18 1.01343e-36 5.16431e-20 1.00512e-12 0.13008 1.38415e-05 8.14478e-16 0.869898 8.40419e-06 7.88415e-26 
12 0.0169479 5.47026e-29 3.4849e-10 1.04666e-08 0.423099 0.559938 2.0968e-12 1.35658e-06 1.41007e-05 1.26719e-08 
13 2.04017e-22 1.3806e-35 1.14074e-19 1.25153e-07 0.432089 9.60788e-16 1.0158e-09 0.334918 0.232992 5.87335e-28 
14 4.52494e-10 5.90056e-26 2.94022e-11 1.95216e-12 0.649489 1.069e-14 0.348362 9.79227e-11 0.00214941 1.38845e-23 
15 2.93587e-09 1.36356e-31 3.33932e-15 1.74709e-15 0.917127 0.0724402 0.0104325 2.43406e-14 7.38873e-08 3.21538e-14 
16 2.74727e-14 0.0370647 0.961997 7.55311e-28 1.3168e-13 3.21359e-23 1.38125e-32 8.65901e-08 0.000937828 2.33915e-29 
17 2.30127e-18 1.72922e-34 1.07335e-09 1.67877e-10 0.180248 0.0312034 0.273677 0.514859 1.25773e-05 4.0395e-29 
18 1.67399e-06 1.75221e-28 2.35441e-20 4.69963e-19 1.18024e-09 1.98695e-10 2.98308e-06 4.78471e-27 7.15069e-11 0.999995 
19 3.01285e-15 9.78977e-18 1.87069e-22 0.000661209 0.788972 4.77996e-08 2.42106e-09 0.0287417 0.181625 7.50969e-23 
20 4.44146e-08 7.91506e-27 3.02282e-14 3.60115e-05 0.906762 0.00598834 8.61026e-11 0.0845697 0.00264389 6.34946e-18 
21 0.561396 5.51907e-24 8.44041e-16 5.86219e-22 0.00191226 0.436691 4.98861e-08 2.34087e-09 3.51112e-10 2.72914e-13 
22 5.44704e-14 4.46432e-26 1.01479e-25 1.83384e-13 8.51747e-05 0.00266084 0.90287 8.41685e-08 0.0943844 1.63594e-11 
23 0.0018981 8.46192e-33 9.12091e-16 6.05436e-20 0.527637 0.470465 3.56294e-12 1.16836e-45 1.35591e-11 1.17886e-07 
24 7.04811e-42 0.04837 0.95163 1.13087e-26 2.04993e-18 6.33414e-23 5.453e-39 6.3557e-24 3.4135e-14 2.70412e-27 
25 0.0186776 3.07419e-19 1.33687e-10 2.47014e-15 0.977974 0.000181525 2.01299e-09 4.0826e-09 0.003167 1.69535e-16 
26 9.15741e-25 2.5901e-36 8.9897e-24 7.50782e-22 3.19451e-06 6.10796e-07 6.44409e-29 3.7677e-12 0.999996 1.27929e-21 
27 5.03312e-43 9.68276e-82 3.27362e-70 2.72386e-147 0.507789 1.60184e-22 0.492211 2.35907e-70 3.07357e-30 3.08331e-60 
28 3.45924e-08 5.49045e-32 7.16451e-15 2.05117e-23 3.28135e-08 0.999793 5.63069e-13 7.09382e-19 0.000206494 1.45546e-11 
29 4.94644e-27 2.33506e-35 4.05865e-32 2.35967e-20 2.67351e-14 1.71175e-20 1 9.40785e-21 9.51533e-15 6.87659e-26 
30 3.8355e-17 1.64987e-24 1.48827e-17 7.49107e-16 0.894005 2.28194e-12 3.4537e-05 0.105168 0.000792437 2.03458e-23 
31 3.80407e-21 1.02385e-20 1.34773e-15 0.000467141 0.597948 1.08327e-07 3.44686e-10 0.0427677 0.358817 4.12203e-12 
32 6.88469e-07 2.17582e-23 5.16839e-17 6.34656e-05 0.957704 0.0405561 5.7512e-10 0.00156349 0.000112278 2.38653e-09 
33 1.7897e-09 2.75092e-30 1.32684e-11 0.000389913 0.902848 0.0467041 0.000218467 0.0443672 0.00547231 4.11949e-12 
34 9.20277e-17 3.40177e-25 1.36182e-10 1.73107e-08 0.612686 1.90282e-12 6.23173e-14 0.387314 4.20492e-08 1.23618e-29 
35 7.92149e-31 0.027136 0.743364 6.65507e-12 0.226169 2.16281e-18 3.78408e-17 0.00333072 1.97517e-07 6.73018e-20 
36 4.4809e-05 5.36016e-26 1.27965e-07 7.42684e-18 0.500529 0.499338 8.49248e-05 1.6405e-21 2.66074e-06 7.90945e-07 
37 6.04254e-13 2.09379e-13 2.19416e-19 6.96119e-20 0.000669908 0.967041 2.33503e-13 8.90866e-08 0.0322894 1.26075e-24 
38 5.81062e-16 2.59687e-38 1.18901e-21 3.33642e-26 0.166342 0.747712 7.34243e-19 5.25079e-14 0.0859457 1.44241e-23 
39 5.81006e-09 1.28267e-34 1.48091e-12 1.06017e-27 7.52367e-15 1 9.5892e-10 4.40376e-23 1.10128e-10 8.51531e-19 
40 5.68048e-11 3.78864e-25 3.42701e-18 2.08963e-15 0.815737 0.183793 2.00687e-09 1.24618e-15 0.000469465 2.03867e-24 
41 0.455594 9.82453e-25 2.80968e-17 2.91862e-22 0.2448 0.236948 3.00325e-06 3.85034e-32 0.0626547 1.96243e-10 
42 1.15569e-17 1.19126e-25 3.04094e-16 3.65173e-13 0.87257 6.30602e-05 1.18493e-11 0.062296 0.0650711 1.53763e-25 
43 1.34379e-14 1.1709e-25 1.02427e-18 3.43366e-21 0.612649 0.135811 2.42069e-20 0.24169 0.00985068 1.87743e-32 
44 7.27648e-16 6.49641e-18 1.93488e-21 2.00004e-19 0.944373 0.0555986 2.70376e-23 1.31041e-12 2.77698e-05 9.53552e-08 
45 1.08665e-09 1.31793e-05 1.55439e-17 1.70711e-14 0.961878 1.16536e-08 2.19077e-14 0.0381084 8.15842e-12 3.60123e-16 
46 5.07753e-09 2.33633e-26 3.27696e-10 5.62623e-16 0.997378 8.13733e-07 4.26665e-10 0.00140551 0.00121566 1.69585e-18 
47 8.44556e-05 0.213499 3.47892e-15 9.74089e-21 0.70667 0.0103545 2.26888e-07 0.0320445 0.037348 5.2195e-17 
48 0.430826 1.03943e-23 1.37366e-10 3.02194e-14 0.0462408 0.512794 4.99927e-09 3.06315e-11 0.0101396 2.11285e-09 
49 2.24408e-06 3.44749e-15 7.91932e-15 0.0692762 0.837561 1.19395e-10 4.40283e-10 0.0788618 0.0142983 6.16306e-20 
50 1.83125e-16 1.84763e-42 9.14922e-20 2.32081e-22 3.4837e-10 1.28933e-05 1.82381e-16 3.63363e-21 0.999987 1.38177e-25 
51 1.54914e-25 9.79633e-66 5.18909e-30 7.60982e-36 2.36144e-08 3.756e-20 6.4981e-23 1.03265e-29 1 2.03065e-35 
52 1.41109e-05 4.5931e-32 4.10468e-20 7.84391e-06 0.676395 0.184157 2.25788e-16 0.139424 8.82208e-07 1.4927e-12 
53 2.88848e-05 3.80035e-28 1.24363e-16 3.71661e-17 0.0839084 0.916063 5.34389e-13 5.93911e-22 6.54864e-10 1.19843e-11 
54 5.11914e-20 1.33441e-36 4.04054e-11 0.348997 0.578297 5.98832e-13 6.90417e-20 0.0727067 3.49095e-10 1.59373e-30 
55 9.37831e-17 3.52598e-29 2.30059e-17 8.35705e-10 0.726796 0.0325091 3.10504e-13 0.240695 1.07574e-12 3.71474e-20 
56 2.06176e-15 9.39871e-37 1.12052e-16 4.30904e-07 0.570083 4.99911e-07 4.39419e-16 0.429242 0.000674271 9.06266e-23 
57 5.38718e-07 1.361e-34 9.25047e-12 4.62601e-17 0.958827 0.0410275 1.3198e-09 1.89283e-10 0.000145064 1.69039e-29 
58 1.91995e-08 9.72123e-33 1.28329e-13 2.22469e-16 0.999007 4.616e-08 0.000689081 3.03383e-06 0.000300916 4.32336e-17 
59 2.92099e-21 2.05619e-18 1.05767e-24 5.34277e-15 0.00379042 7.81597e-15 1.48456e-20 0.99621 4.35979e-12 2.83556e-26 
60 3.31173e-06 3.29404e-31 2.3714e-06 5.71138e-19 0.89442 0.000195705 1.93098e-19 4.77257e-06 1.15948e-08 0.105374 
61 3.22656e-20 1.7217e-20 3.04225e-17 1.54674e-26 0.383139 8.57437e-13 2.86831e-06 0.107378 0.490049 0.0194304 
62 1.31422e-38 0.0567169 0.943283 8.52517e-14 3.39918e-13 1.1122e-33 3.03655e-25 1.34546e-07 1.37944e-16 6.07454e-54 
63 1.56814e-08 2.70063e-29 4.53613e-17 3.13853e-14 0.883032 0.108697 8.8263e-12 0.00673846 0.0015321 6.8154e-13 
64 1.06103e-12 3.89053e-25 4.46983e-17 0.383211 0.211686 0.000348378 0.379916 0.0248379 1.50418e-09 9.26252e-27 
65 3.12954e-22 2.50599e-38 1.6194e-24 8.17536e-20 3.62437e-09 3.46176e-23 0.526673 2.99686e-15 5.13798e-06 0.473322 
66 1.54931e-14 2.63641e-25 6.21398e-16 8.44672e-07 0.345077 6.38995e-08 2.39437e-11 0.654922 7.46717e-08 3.85737e-19 
67 2.85752e-19 8.10888e-26 2.26108e-19 8.91032e-10 0.378004 2.27782e-07 1.22917e-15 4.55835e-12 0.621996 3.31839e-23 
68 2.39237e-16 7.24337e-42 6.85572e-19 2.499e-22 1.07293e-10 2.07491e-05 2.22191e-16 4.285e-21 0.999979 6.85455e-26 
69 0.00295725 3.9106e-37 6.42141e-18 3.60993e-28 0.052685 0.944356 7.05931e-07 2.4499e-24 6.13846e-07 1.66761e-27 
70 3.68877e-17 7.78832e-29 3.01107e-19 2.14274e-12 0.999944 9.42315e-09 7.33418e-15 5.58129e-05 9.7251e-10 2.0902e-20 
71 1.4216e-12 7.35224e-40 1.22469e-19 1.82296e-10 4.72879e-06 9.18295e-08 2.24071e-14 1.95202e-13 0.999995 2.05309e-22 
72 3.1256e-14 1.66395e-44 1.4804e-13 2.34408e-26 6.53701e-08 0.600598 4.08626e-13 1.50658e-28 0.399402 2.34037e-22 
73 6.16256e-07 1.2293e-21 1.33625e-08 1.1359e-05 0.996826 0.00295381 0.000207795 3.21449e-07 1.2692e-12 7.9072e-15 
74 0.0300377 4.7438e-25 1.18106e-15 2.30286e-13 0.837893 0.000165499 3.50176e-10 0.00100104 0.130903 1.1403e-09 
75 1.38627e-31 3.35904e-39 1.50045e-17 0.166151 3.44751e-07 1.37634e-18 3.27196e-15 0.833356 0.000492422 4.84474e-41 
76 2.0357e-09 3.54132e-22 9.87362e-08 1.17987e-16 0.999521 3.74698e-14 7.46154e-14 0.000478852 3.01858e-09 1.01152e-15 
77 3.5987e-22 2.9623e-28 5.37262e-26 5.26708e-13 0.390139 5.55291e-20 4.40382e-19 0.609861 1.06432e-12 2.40235e-32 
78 1.85943e-26 0.14166 1.45984e-11 9.48108e-14 0.464144 2.57623e-09 7.45405e-15 0.276473 0.117723 4.12654e-20 
79 2.71377e-17 6.24401e-17 8.7743e-25 2.57029e-06 0.508014 1.47414e-05 1.10951e-19 0.481064 0.0109041 5.77087e-23 
80 0.000109583 1.1126e-16 6.59617e-21 3.994e-17 0.55504 0.444847 2.29254e-11 1.87832e-12 3.75999e-06 1.14332e-08 
81 4.2653e-43 8.46784e-82 4.14218e-70 2.64256e-147 0.503653 1.51331e-22 0.496347 2.09928e-70 2.39433e-30 3.75302e-60 
82 4.59709e-13 1.93653e-35 8.45079e-17 5.47503e-11 0.997872 4.60338e-18 1.85625e-22 0.00212792 1.24774e-08 3.84374e-27 
83 1.85927e-10 1.78482e-15 4.75494e-15 0.00797773 0.268597 5.83346e-07 0.00719196 0.68046 0.0357735 1.37471e-17 
84 1.03789e-06 2.62532e-19 6.65512e-08 6.61072e-16 0.974561 0.0253922 1.66816e-14 4.79862e-09 4.58866e-05 6.0731e-16 
85 4.76659e-19 2.81757e-21 2.27666e-20 8.34353e-20 0.997198 2.10997e-16 1.34908e-13 1.17091e-12 0.00280177 1.12333e-21 
86 1.81614e-23 1.0556e-25 4.98857e-18 1.40189e-07 0.975112 4.73802e-10 6.86613e-11 0.0159843 0.00890309 2.31799e-19 
87 1.23488e-25 2.54728e-30 1.01197e-28 2.64828e-25 1.36321e-08 3.73615e-15 6.7471e-29 1.4315e-20 1 6.98093e-34 
88 1.66444e-13 3.17463e-26 1.39524e-16 9.84807e-24 1.19146e-08 6.74119e-12 3.55289e-21 3.3721e-26 1 1.80186e-20 
89 3.09596e-13 1.17462e-31 2.15517e-11 1.02953e-07 0.462641 2.58747e-05 1.54905e-11 0.537331 1.988e-06 6.56138e-23 
90 1.10807e-23 2.64083e-33 2.44142e-23 4.92296e-10 0.399612 0.595379 1.48001e-25 0.00500367 6.15234e-06 5.66579e-33 
91 0.188916 5.9473e-30 7.8429e-15 2.76822e-07 7.98404e-08 0.0325117 0.778431 1.1216e-22 0.000140794 9.41713e-09 
92 1.898e-06 7.25604e-36 1.50574e-18 1.49855e-08 0.900559 0.0867512 1.78523e-08 0.0051733 0.00750466 9.7578e-06 
93 2.49109e-07 4.47394e-12 3.30495e-06 0.00159451 0.913994 0.0056534 1.51116e-11 5.55176e-05 0.0786986 5.14599e-11 
94 3.56771e-18 1.04188e-33 3.60365e-07 8.22957e-06 0.414322 0.0114272 0.215412 0.35883 8.97072e-08 1.89495e-14 
95 1.17776e-11 1.04482e-36 4.04925e-19 1.01326e-32 0.104337 1.36691e-12 9.67524e-14 4.48985e-20 0.895663 9.16235e-21 
96 7.8871e-16 2.5708e-31 2.82456e-27 7.77505e-14 0.217578 2.76267e-18 2.01361e-17 0.782422 4.12401e-12 6.46597e-28 
97 3.7555e-09 8.46488e-40 0.171317 1.78009e-08 0.673898 1.24813e-10 0.000144765 0.154143 0.000498505 8.40197e-24 
98 6.06814e-21 2.10411e-47 2.5657e-24 2.55859e-11 0.999994 5.44967e-17 4.44983e-22 5.7452e-06 2.9536e-12 9.41248e-28 
99 4.5445e-26 0.213755 9.93504e-22 3.09258e-08 0.644953 1.19739e-24 2.66299e-24 0.141292 7.25101e-14 3.96577e-27 
100 9.87643e-16 4.72424e-38 1.75844e-21 5.12595e-26 0.173765 0.744284 5.65587e-19 6.78918e-14 0.0819513 1.44525e-23 
101 1 3.24485e-70 9.98047e-30 1.35574e-55 4.48182e-44 1.00979e-35 5.08286e-20 1.47585e-44 1.6397e-33 3.46307e-39 
102 3.42126e-05 2.01704e-29 3.54945e-11 3.97302e-05 0.809447 0.00304035 0.187437 8.07481e-12 2.49257e-16 2.66845e-06 
103 1 4.59712e-39 7.72298e-25 6.41919e-27 1.67453e-18 3.4615e-10 4.53729e-07 1.47577e-27 8.95604e-16 5.79866e-18 
104 1 3.19904e-70 8.99485e-30 1.35862e-55 4.16746e-44 9.66648e-36 5.20597e-20 1.35969e-44 1.54868e-33 3.3138e-39 
105 1 8.98522e-42 2.83627e-08 2.64493e-34 2.72905e-24 1.44259e-18 4.12442e-14 8.04169e-27 1.41321e-15 7.71019e-33 
106 0.523395 5.58438e-43 3.90302e-10 9.53636e-38 3.1277e-38 1.00067e-23 1.03459e-11 7.10061e-44 0.476605 2.38247e-32 
107 0.999972 1.16373e-61 2.35856e-11 1.27318e-37 2.74483e-27 2.48654e-05 3.18809e-06 1.4707e-31 2.97873e-13 8.68723e-29 
108 0.000269834 2.14241e-30 3.89832e-09 2.54075e-44 9.28211e-37 7.40606e-30 7.03541e-14 5.13204e-39 0.99973 1.15343e-55 
109 8.55546e-09 4.64639e-66 1.43151e-21 3.75879e-46 2.41751e-44 4.25225e-25 1.41253e-18 1.98222e-54 1 2.66059e-34 
110 0.308234 1.47967e-41 4.56189e-14 3.49071e-38 2.50446e-37 4.26482e-25 0.691766 6.23496e-41 2.24911e-18 2.36439e-32 
111 0.998886 1.29358e-23 0.000485021 4.34787e-37 1.28699e-23 5.6521e-11 1.15015e-07 1.33329e-26 0.00062906 9.61976e-20 
112 1 3.04621e-47 5.47757e-24 2.7509e-40 2.41992e-42 1.56308e-29 2.05087e-21 1.4354e-50 4.76948e-26 1.88692e-29 
113 1 3.35084e-70 1.03587e-29 1.44031e-55 4.66964e-44 1.01209e-35 5.10281e-20 1.42719e-44 1.57129e-33 3.27485e-39 
114 0.0831893 1.3046e-51 7.98274e-10 4.6815e-38 1.15644e-26 6.00683e-18 0.916811 1.19135e-25 5.61399e-12 1.23954e-32 
115 0.000103614 2.42223e-50 6.15036e-09 3.49853e-35 1.10465e-29 2.65823e-19 0.999896 3.01681e-32 2.32127e-17 5.21925e-32 
116 0.791729 1.1031e-41 0.0752521 3.70382e-22 9.73563e-20 0.000574307 0.00450152 1.53821e-32 1.75501e-06 0.127941 
117 0.882284 9.31258e-63 2.89282e-12 4.21019e-12 8.59395e-17 7.41168e-07 0.116811 3.37892e-18 6.27682e-15 0.000904436 
118 1 2.03554e-62 1.2385e-15 4.44386e-38 9.11612e-36 3.90387e-27 1.40712e-16 3.13964e-41 4.58433e-24 5.18799e-39 
119 1 2.96511e-47 5.36454e-24 2.54637e-40 2.45785e-42 1.52311e-29 2.2495e-21 1.41995e-50 4.71341e-26 1.68029e-29 
120 0.998878 1.47742e-23 0.000492487 4.28586e-37 1.28454e-23 6.4521e-11 1.13529e-07 1.44468e-26 0.000628981 1.11609e-19 
121 0.523395 5.73988e-43 3.94718e-10 1.07653e-37 3.01031e-38 9.61647e-24 1.07619e-11 6.82344e-44 0.476605 2.46686e-32 
122 1 2.99043e-48 9.97676e-17 9.11917e-41 2.02041e-19 1.60349e-20 6.97493e-12 8.20716e-38 5.79749e-26 8.56465e-23 
123 0.523395 6.19053e-43 3.75435e-10 9.91635e-38 2.92381e-38 1.06909e-23 1.0883e-11 7.17001e-44 0.476605 2.29916e-32 
124 8.34672e-09 4.73199e-66 1.37943e-21 3.72514e-46 2.4116e-44 4.24156e-25 1.22702e-18 1.77257e-54 1 2.46643e-34 
125 0.999979 3.69731e-36 2.08456e-05 6.51588e-29 3.90805e-23 3.22851e-12 2.0031e-07 2.588e-31 6.41976e-13 4.78923e-22 
126 9.57473e-05 2.65416e-50 5.82873e-09 3.75614e-35 1.17071e-29 2.48761e-19 0.999904 2.95593e-32 2.3375e-17 4.63625e-32 
127 8.68079e-06 7.758e-51 0.999991 1.41986e-35 9.94989e-38 1.02631e-24 8.63931e-08 1.81244e-44 1.57187e-20 4.5603e-34 
128 0.111512 8.02209e-48 6.34753e-12 4.14919e-20 3.19645e-20 2.47043e-22 0.888488 1.90595e-16 1.42018e-13 1.25629e-26 
129 1 9.63845e-42 2.83606e-08 2.77935e-34 3.23463e-24 1.67308e-18 3.9151e-14 9.02874e-27 1.23735e-15 9.21825e-33 
130 0.523395 6.39257e-43 4.0678e-10 1.00928e-37 3.25018e-38 1.03398e-23 1.13734e-11 7.19556e-44 0.476605 2.45485e-32 
131 1 3.13063e-48 1.14471e-16 1.02387e-40 2.01993e-19 1.70348e-20 7.28635e-12 8.9076e-38 5.44357e-26 8.59733e-23 
132 8.48469e-09 4.53519e-66 1.28734e-21 3.80731e-46 2.4319e-44 4.71378e-25 1.37128e-18 1.98143e-54 1 2.72603e-34 
133 0.999998 1.73063e-50 2.39761e-06 1.17737e-29 4.55357e-19 9.27361e-11 1.25305e-09 1.19514e-35 2.82884e-13 9.17969e-34 
134 1 2.00284e-62 1.10272e-15 5.14124e-38 8.76933e-36 4.61575e-27 1.40532e-16 3.33977e-41 4.18637e-24 5.45271e-39 
135 8.44576e-09 4.38041e-66 1.26419e-21 3.96341e-46 2.61178e-44 4.46044e-25 1.3481e-18 1.88629e-54 1 2.5227e-34 
136 0.137272 5.16997e-44 2.60702e-17 2.55736e-11 3.63861e-05 0.011394 0.851298 3.13559e-10 6.91449e-12 8.99537e-24 
137 0.865269 6.50091e-51 5.81199e-08 1.71333e-19 2.89761e-28 1.8553e-11 0.134731 3.62505e-32 2.51362e-19 1.38195e-36 
138 0.999261 2.70444e-17 4.26322e-13 1.90519e-19 1.63242e-27 1.28558e-19 0.000738579 8.48501e-27 1.30768e-09 8.80171e-16 
139 8.07304e-09 4.75442e-66 1.24906e-21 3.68434e-46 2.30904e-44 4.14605e-25 1.38992e-18 1.87613e-54 1 2.43578e-34 
140 1 3.19682e-70 9.79993e-30 1.37676e-55 4.4808e-44 9.18063e-36 4.92791e-20 1.45588e-44 1.60528e-33 3.28236e-39 
141 0.0831862 1.40398e-51 7.82412e-10 4.4871e-38 1.22369e-26 5.59158e-18 0.916814 1.24487e-25 5.19876e-12 1.1758e-32 
142 0.302732 1.44658e-30 7.96819e-24 1.30542e-16 5.40052e-14 1.11037e-08 0.697039 5.54138e-18 0.000228739 2.79227e-14 
143 0.0450187 0.95494 4.13946e-05 8.48356e-23 7.14623e-22 1.23749e-09 2.52176e-08 6.86324e-30 9.67454e-10 1.41749e-15 
144 8.6337e-09 4.87817e-66 1.27438e-21 3.9275e-46 2.73834e-44 4.33692e-25 1.52553e-18 2.06009e-54 1 2.69432e-34 
145 8.38433e-09 4.62705e-66 1.32369e-21 3.64193e-46 2.49862e-44 4.60979e-25 1.2841e-18 1.74394e-54 1 2.58897e-34 
146 0.000343722 2.73001e-50 0.999656 6.98275e-49 2.3866e-34 2.14691e-24 2.09408e-13 5.97581e-41 2.16328e-25 1.44454e-40 
147 1 3.38974e-70 1.04319e-29 1.51236e-55 4.5488e-44 9.6105e-36 5.00838e-20 1.44253e-44 1.54885e-33 3.3904e-39 
148 0.308235 1.52172e-41 4.89801e-14 3.29816e-38 2.50642e-37 4.5314e-25 0.691765 6.39628e-41 2.39179e-18 2.6125e-32 
149 3.06186e-07 5.0335e-42 3.19779e-12 8.13914e-29 1.83461e-20 8.88155e-22 1 5.84774e-16 8.15389e-17 5.22063e-38 
150 0.834636 2.66508e-20 0.000425708 3.5354e-07 0.0713609 5.2969e-07 0.0935764 1.40235e-08 7.34752e-08 9.49477e-16 
151 0.800441 2.8547e-32 0.000941847 3.41101e-25 2.32591e-18 1.13172e-06 0.198616 6.44416e-29 1.9454e-09 8.48326e-14 
152 8.53434e-06 7.86211e-51 0.999991 1.37514e-35 9.76479e-38 1.02091e-24 8.41319e-08 1.88505e-44 1.49093e-20 4.43982e-34 
153 0.525271 1.62719e-63 2.89078e-05 1.68758e-20 2.23281e-15 1.12816e-19 0.4747 5.56485e-19 4.85914e-13 2.50171e-28 
154 3.07867e-07 5.3804e-42 3.22575e-12 7.78866e-29 1.77269e-20 9.58337e-22 1 5.88426e-16 8.7811e-17 4.68742e-38 
155 8.34751e-09 4.43978e-66 1.38822e-21 4.27812e-46 2.57924e-44 4.91867e-25 1.40671e-18 1.99768e-54 1 2.58578e-34 
156 0.795415 3.67052e-25 2.874e-15 1.50376e-39 7.07286e-25 1.33224e-27 0.101183 1.61988e-28 0.103402 4.96737e-33 
157 8.13371e-09 4.9276e-66 1.37198e-21 3.52627e-46 2.67531e-44 4.37984e-25 1.37626e-18 1.89155e-54 1 2.40135e-34 
158 0.000277391 2.59068e-30 3.87624e-09 3.86853e-44 1.37898e-36 7.26054e-30 9.28242e-14 5.53206e-39 0.999723 1.30401e-55 
159 0.999972 1.22477e-61 2.48489e-11 1.11586e-37 2.45645e-27 2.4865e-05 3.20288e-06 1.36084e-31 2.82398e-13 7.7417e-29 
160 0.0371504 3.11497e-29 2.77086e-15 5.31101e-13 3.80221e-06 0.886018 0.076828 4.29645e-14 9.32243e-15 3.92101e-18 
161 9.25739e-09 4.89872e-66 1.45314e-21 4.08153e-46 2.89917e-44 4.27575e-25 1.36912e-18 2.03818e-54 1 2.44319e-34 
162 0.308233 1.51407e-41 4.95083e-14 3.62309e-38 2.80383e-37 5.19904e-25 0.691767 6.49903e-41 2.61705e-18 2.84322e-32 
163 0.0380469 3.08233e-23 0.0718645 7.68393e-13 1.20255e-13 6.51565e-05 0.0407609 9.10485e-19 0.674164 0.175099 
164 2.87944e-11 4.01652e-31 9.78463e-13 1.12406e-24 7.9618e-29 4.66532e-19 1 1.20297e-25 1.42171e-17 1.68773e-27 
165 1 3.23738e-47 5.36743e-24 2.50896e-40 2.60004e-42 1.4253e-29 2.0902e-21 1.39907e-50 4.91703e-26 1.73629e-29 
166 0.308233 1.42305e-41 4.48121e-14 3.44678e-38 2.698e-37 4.70553e-25 0.691767 6.25586e-41 2.12884e-18 2.43218e-32 
167 0.250953 1.97676e-56 7.2539e-08 3.2683e-36 5.78939e-18 2.11537e-12 0.749047 4.99416e-26 1.07028e-12 1.4675e-22 
168 0.111506 7.55394e-48 6.8978e-12 3.80953e-20 2.86618e-20 2.4559e-22 0.888494 1.74325e-16 1.45434e-13 1.27323e-26 
169 0.111507 7.62769e-48 6.44249e-12 3.93141e-20 2.77535e-20 2.34215e-22 0.888493 1.74894e-16 1.30935e-13 1.23613e-26 
170 0.999998 2.00313e-50 2.39766e-06 1.24411e-29 5.13635e-19 9.79594e-11 1.26012e-09 9.84405e-36 2.55531e-13 9.17378e-34 
171 0.523395 5.72523e-43 3.51397e-10 9.23302e-38 2.99115e-38 9.72531e-24 9.94933e-12 5.86876e-44 0.476605 2.05571e-32 
172 0.0191688 1.0666e-25 1.93705e-08 9.85349e-22 0.747042 6.77573e-09 0.233789 1.13732e-14 1.55242e-09 1.06719e-07 
173 2.92255e-11 3.9525e-31 1.02239e-12 1.11097e-24 7.56606e-29 3.93366e-19 1 1.22028e-25 1.34606e-17 1.48541e-27 
174 8.24976e-09 4.80446e-66 1.3055e-21 4.28344e-46 2.51984e-44 4.38851e-25 1.41808e-18 2.00971e-54 1 2.37405e-34 
175 1 3.08984e-48 1.02138e-16 1.03943e-40 2.02003e-19 1.71954e-20 7.225e-12 8.43643e-38 5.78657e-26 8.21209e-23 
176 8.0568e-08 5.26779e-27 4.09896e-21 1.25635e-17 2.71928e-09 1.88875e-10 0.99996 1.18048e-12 6.23232e-13 4.03639e-05 
177 0.000282698 2.73222e-30 4.09541e-09 4.52541e-44 1.11417e-36 9.41587e-30 1.08279e-13 5.75408e-39 0.999717 1.34776e-55 
178 1 3.18505e-47 5.06039e-24 2.6805e-40 2.4568e-42 1.55711e-29 2.35703e-21 1.36486e-50 4.67168e-26 1.83659e-29 
179 0.52527 1.78279e-63 2.94804e-05 1.87282e-20 2.36829e-15 1.25182e-19 0.4747 5.81446e-19 4.38972e-13 2.30623e-28 
180 0.671161 1.01729e-36 2.16575e-06 1.27644e-21 1.01137e-11 0.328837 1.32555e-08 1.32132e-24 1.33927e-11 7.60963e-11 
181 1 1.92882e-62 1.08406e-15 4.19212e-38 7.36993e-36 4.06178e-27 1.46275e-16 2.86978e-41 4.11548e-24 4.9252e-39 
182 1 3.27264e-48 1.3158e-16 9.83469e-41 2.0206e-19 1.86746e-20 6.85187e-12 8.22155e-38 5.76104e-26 8.27749e-23 
183 0.999972 1.16617e-61 2.49438e-11 1.31503e-37 2.72569e-27 2.48686e-05 3.06488e-06 1.32712e-31 2.65133e-13 8.06691e-29 
184 1 3.09771e-70 9.74173e-30 1.50698e-55 4.60074e-44 1.00041e-35 5.11019e-20 1.42286e-44 1.56382e-33 3.09423e-39 
185 0.999998 1.76542e-50 2.39767e-06 9.65551e-30 4.97434e-19 9.5179e-11 1.24923e-09 1.29194e-35 2.46468e-13 1.00181e-33 
186 1 1.02414e-50 2.99604e-14 2.61559e-45 8.60411e-44 5.19888e-27 5.51789e-12 1.09522e-44 3.63317e-20 5.48081e-27 
187 0.000206611 2.99152e-54 0.999793 1.08675e-49 7.66044e-35 2.61812e-22 3.86681e-14 7.6434e-43 8.48712e-26 6.86841e-37 
188 8.00945e-06 7.45635e-51 0.999992 1.38601e-35 9.02258e-38 1.10846e-24 8.70313e-08 1.82206e-44 1.51723e-20 4.67683e-34 
189 8.37679e-06 7.32708e-51 0.999992 1.43562e-35 1.01886e-37 1.12619e-24 8.63577e-08 1.86806e-44 1.49355e-20 4.53485e-34 
190 0.000575778 1.01091e-21 0.389469 0.152305 0.0592366 0.0770486 0.321364 9.27123e-12 8.40157e-10 1.78164e-14 
191 0.00024466 2.08312e-30 3.80816e-09 2.58609e-44 9.39489e-37 6.37348e-30 8.69294e-14 4.59392e-39 0.999755 1.36539e-55 
192 0.144601 5.81554e-13 1.38745e-09 2.92674e-10 0.80246 0.00213892 0.00800253 2.37275e-13 1.73824e-05 0.0427795 
193 5.09344e-22 9.3226e-19 1.05748e-21 2.78426e-14 4.26155e-12 0.999989 1.13066e-05 2.64609e-23 7.6526e-25 1.46313e-25 
194 0.00020413 3.11578e-54 0.999796 1.06267e-49 7.56643e-35 2.59098e-22 3.91463e-14 8.0034e-43 9.26588e-26 6.22874e-37 
195 8.83866e-09 5.48364e-66 1.35819e-21 4.06826e-46 2.9998e-44 5.14467e-25 1.53582e-18 1.94191e-54 1 2.66529e-34 
196 0.472942 2.45217e-40 0.0627294 8.38262e-31 6.48754e-32 0.464329 2.73745e-09 1.46588e-27 3.76898e-07 1.05887e-18 
197 0.980279 5.84552e-18 5.941e-08 0.00088533 1.64375e-08 1.38473e-05 0.0188214 7.99425e-12 6.81771e-13 3.13747e-11 
198 0.000340188 2.77703e-50 0.99966 7.49934e-49 2.36854e-34 2.13166e-24 2.01367e-13 5.3227e-41 2.24294e-25 1.29648e-40 
199 1 1.13344e-50 2.6399e-14 2.64242e-45 7.98047e-44 4.89435e-27 4.86895e-12 9.40087e-45 3.38343e-20 5.16722e-27 
200 9.95531e-05 2.34686e-50 6.12828e-09 3.70708e-35 1.1446e-29 2.69436e-19 0.9999 2.81926e-32 2.33563e-17 5.27703e-32 
201 0.250962 1.89007e-56 7.38888e-08 3.42943e-36 5.6931e-18 2.10911e-12 0.749038 5.49879e-26 1.11889e-12 1.50899e-22 
202 5.03532e-34 2.96695e-50 3.97891e-31 0.80488 3.28166e-12 1.08712e-24 1.74787e-25 0.19512 2.17205e-18 1.66202e-32 
203 1.64781e-08 1.65867e-36 4.708e-20 4.09618e-13 1.0217e-05 2.71619e-16 3.99534e-17 0.999989 5.16578e-07 3.19153e-34 
204 1 2.52971e-35 8.93314e-15 1.73412e-08 8.35575e-29 1.18268e-18 3.10345e-25 6.42587e-30 2.3888e-27 4.12801e-17 
205 2.64024e-08 4.12109e-33 0.268286 0.64919 2.85546e-18 1.19526e-21 9.10405e-14 0.082524 3.26122e-24 2.11341e-28 
206 1.87021e-09 1.12462e-25 0.993181 0.00542922 9.63728e-12 0.00138984 3.23294e-15 1.60576e-17 3.15957e-12 8.42235e-20 
207 0.154428 8.51141e-23 0.845572 1.10638e-13 9.67025e-11 1.95888e-15 1.04223e-26 3.87694e-43 2.08075e-25 8.01398e-16 
208 1.50764e-16 0.0475746 2.71905e-21 2.21063e-08 0.450895 0.000216177 2.74827e-17 0.501314 4.37678e-07 2.54191e-17 
209 1.36536e-26 5.75387e-31 1.40163e-30 0.997652 6.9217e-31 8.30056e-32 1.70457e-34 0.00234751 1.2771e-18 5.2815e-23 
210 4.09326e-34 1.90289e-38 1.36965e-25 1 2.50083e-19 1.1298e-25 2.10874e-27 2.20879e-17 3.58855e-22 1.47592e-24 
211 1.31467e-32 4.86924e-40 7.66244e-23 0.317919 1.84344e-14 1.31627e-19 3.13731e-17 0.682081 2.11789e-23 1.76931e-30 
212 2.5851e-18 7.22086e-24 0.580495 0.360665 1.5822e-10 2.19359e-10 8.01006e-26 0.0588397 3.59675e-20 8.42327e-15 
213 0.999922 1.35338e-21 1.91763e-21 6.85066e-05 3.72503e-06 6.40978e-09 5.7159e-06 4.82892e-16 1.79678e-15 3.25547e-18 
214 2.1367e-21 2.40452e-24 6.7565e-21 0.0677136 4.43786e-14 2.14911e-17 6.43044e-12 0.932286 2.05897e-16 3.14045e-16 
215 7.64545e-27 2.65017e-27 4.22307e-19 1 6.72201e-16 4.60687e-14 5.36537e-32 4.70497e-19 8.75093e-24 3.6735e-30 
216 3.44235e-26 5.32605e-29 2.82708e-26 2.88391e-12 0.392435 2.01036e-15 5.11512e-17 2.72671e-16 0.607565 4.57641e-30 
217 3.61027e-34 2.34355e-47 5.99365e-32 1 6.03433e-19 4.41512e-27 2.87044e-28 1.14198e-20 5.70106e-30 1.74248e-41 
218 4.14816e-17 1.22203e-33 0.992118 0.00767964 5.27022e-13 0.000202532 2.30307e-28 1.654e-20 5.07168e-22 1.1056e-18 
219 1.25001e-23 1.41102e-26 2.67009e-10 0.704069 2.52276e-15 3.35671e-15 0.295931 4.92314e-09 2.67587e-10 4.51147e-22 
220 0.476435 3.37174e-21 0.0182117 0.306709 7.11561e-12 2.61889e-06 1.45041e-05 6.54492e-15 3.96986e-17 0.198626 
221 9.93632e-21 4.72921e-30 0.487 0.376926 0.136074 2.16039e-13 2.72455e-11 1.42474e-08 4.50605e-19 3.17321e-14 
222 6.07977e-30 4.35293e-66 1.95187e-26 1 2.98243e-18 2.08332e-33 5.80261e-26 4.66622e-27 6.82886e-18 2.65486e-34 
223 7.91919e-25 3.2988e-22 3.68399e-12 0.464576 2.03134e-09 3.40151e-19 1.29235e-14 0.5353 0.000123752 7.46473e-47 
224 8.57912e-44 1.92499e-56 7.55792e-42 1 1.25856e-10 7.35708e-32 2.8159e-39 3.909e-19 3.70198e-18 1.55214e-38 
225 2.61477e-20 3.39869e-44 3.2919e-24 1 1.58018e-21 1.08821e-29 6.42944e-21 9.08577e-22 1.61447e-27 5.60445e-22 
226 6.03373e-21 3.50746e-36 1.41857e-21 7.26156e-09 0.000592484 7.14536e-14 0.999408 1.81281e-10 5.81175e-21 4.75561e-34 
227 6.48097e-24 3.32126e-06 8.35195e-26 8.49684e-11 2.18237e-17 2.12794e-21 1.78311e-07 0.999997 4.92031e-22 4.9266e-31 
228 2.07241e-09 6.15421e-30 4.91861e-11 0.999695 0.000249794 1.97112e-10 2.65574e-09 1.90085e-05 3.65584e-05 5.54122e-10 
229 3.93012e-20 5.73962e-16 2.39019e-19 0.192957 1.45071e-11 7.2349e-29 0.330337 0.476706 6.15723e-20 2.59616e-44 
230 2.86433e-13 7.94137e-37 1 6.90736e-08 2.67726e-18 1.8749e-11 5.90479e-22 2.91968e-24 4.10069e-21 3.79947e-26 
231 1 4.49329e-35 8.67227e-16 2.77847e-12 4.30468e-13 3.12818e-14 4.96324e-13 2.18432e-22 6.2767e-14 2.44053e-11 
232 1.53502e-27 5.84785e-35 3.07248e-18 0.206167 4.31178e-24 1.58482e-22 0.0377799 0.756053 3.79806e-16 1.73202e-33 
233 2.98799e-33 2.08817e-47 2.28794e-30 1 1.88585e-22 6.16787e-35 5.4484e-32 5.23894e-34 6.7403e-25 9.88998e-35 
234 1.28089e-21 3.70562e-23 0.0038543 0.217493 1.12269e-07 0.504658 9.42294e-09 0.273995 8.83896e-17 2.07147e-28 
235 9.90768e-18 5.83287e-26 2.41534e-24 2.32658e-17 0.0953123 1.27239e-07 1.58789e-20 0.881448 0.0232395 3.59201e-16 
236 0.954953 3.7008e-34 3.81234e-10 8.29059e-16 0.0450443 6.60014e-12 1.96209e-06 4.45303e-15 4.48591e-07 1.14855e-14 
237 1 8.0092e-27 2.97159e-30 2.30134e-19 2.58041e-27 2.77625e-22 9.36016e-10 2.12865e-34 2.39694e-23 1.30848e-20 
238 0.01477 3.03729e-22 0.339801 0.438638 0.206791 3.50837e-13 3.80701e-11 7.40898e-17 3.79989e-09 4.62596e-09 
239 0.91792 2.5484e-29 1.79785e-15 0.0820777 2.08919e-11 1.082e-06 8.90177e-07 4.87519e-14 4.94045e-13 1.76691e-20 
240 1.54893e-29 3.31996e-40 4.63723e-23 1 1.34098e-17 1.42474e-22 4.68661e-28 3.05151e-20 5.28161e-26 1.15408e-34 
241 2.7016e-30 4.46686e-29 3.09813e-30 1 1.786e-14 2.54778e-25 3.27084e-31 2.48834e-13 1.15686e-17 2.12696e-49 
242 0.0321985 1.59202e-21 0.0959448 0.15229 5.66073e-14 0.0953047 0.624245 2.75884e-21 1.69928e-05 6.14701e-07 
243 0.967827 3.69332e-46 3.89507e-15 4.35688e-21 0.000160477 6.5861e-12 0.0317183 8.19156e-15 0.000293882 2.87043e-11 
244 1.53846e-12 8.09016e-21 2.48556e-08 0.996918 0.00307847 2.97287e-06 1.58967e-14 7.71548e-07 1.38004e-13 7.27748e-20 
245 1.65701e-37 2.57074e-42 1.95339e-33 1 1.15076e-20 1.51595e-21 4.42307e-30 9.51637e-12 5.41958e-29 3.96867e-39 
246 3.74613e-48 6.74445e-52 7.9097e-59 1 3.18377e-24 9.03574e-32 2.9417e-31 9.64966e-20 5.27529e-37 1.0465e-54 
247 1 3.88458e-35 2.59427e-09 6.06582e-12 2.53967e-10 5.38645e-10 3.25446e-12 4.16303e-15 3.87436e-08 3.22217e-13 
248 1.4215e-30 5.77153e-33 1.64224e-17 6.92663e-05 0.887071 2.29799e-15 2.21066e-23 0.0975374 0.0153227 6.05263e-23 
249 0.435396 1.05122e-24 5.18611e-14 0.394986 1.58953e-06 3.96416e-08 2.12648e-19 0.169616 9.31818e-16 3.95204e-17 
250 3.17058e-12 5.88064e-11 6.28551e-05 1.10511e-11 6.78434e-09 4.27412e-13 0.999937 4.25253e-08 3.41311e-17 2.09159e-13 
251 3.18106e-24 5.52985e-31 1.19298e-16 0.78515 1.70369e-21 3.69291e-28 0.0207539 0.194096 5.70358e-32 1.33183e-40 
252 2.69074e-24 1.98429e-12 5.66094e-13 0.867114 3.01149e-11 8.69181e-15 5.66643e-05 0.13283 1.98774e-15 5.11322e-33 
253 1.71806e-07 9.2513e-25 4.80396e-14 9.17089e-09 6.99707e-15 1 1.28093e-12 7.08751e-20 1.00469e-21 6.89919e-34 
254 9.66255e-35 3.02446e-44 6.57512e-32 1 4.45027e-20 5.22162e-25 1.76187e-27 1.40615e-14 1.8036e-26 4.3334e-39 
255 1.31831e-06 2.39908e-19 1.29843e-09 0.947106 0.00555611 9.25996e-13 0.0311215 7.8143e-11 0.0162144 1.65166e-07 
256 1.22518e-28 3.14606e-47 1.39316e-36 1 9.34281e-21 7.85774e-26 5.24973e-30 3.76076e-20 1.67041e-29 2.66974e-24 
257 6.76254e-10 6.47611e-23 3.15054e-14 1.07235e-07 0.845976 0.154024 1.69121e-08 4.94209e-12 1.76428e-13 6.41152e-20 
258 1.72931e-34 7.23381e-56 6.48818e-39 1 3.6962e-29 8.73951e-23 5.77864e-32 1.25367e-25 2.75416e-24 2.84344e-37 
259 3.78515e-25 4.66924e-30 1.26005e-31 1 1.23077e-25 3.03448e-32 1.14393e-28 5.7755e-16 1.22922e-26 1.93222e-39 
260 1.03137e-20 2.37924e-38 1.72539e-15 1.92639e-11 0.819426 6.62071e-25 4.76422e-23 0.180572 2.11095e-06 3.93537e-24 
261 8.23903e-19 1.46553e-31 9.15017e-16 2.43131e-12 8.76977e-12 5.47098e-22 3.56581e-16 1 1.1046e-14 6.66433e-16 
262 4.56631e-11 1.70438e-36 3.74007e-18 1 4.31056e-24 2.34615e-09 1.02752e-18 4.75972e-18 1.68582e-08 1.1167e-29 
263 5.06313e-26 1.43337e-41 0.359819 0.639628 1.27825e-11 1.977e-18 3.31101e-19 0.000553056 3.06805e-17 2.42527e-37 
264 2.01226e-20 2.09412e-36 0.583788 0.416212 4.66878e-31 2.5719e-18 1.31654e-20 2.3129e-19 1.72709e-27 4.85364e-43 
265 0.575636 1.34268e-28 6.0229e-13 0.330094 1.95031e-14 1.85912e-14 0.0942695 5.02582e-16 7.82433e-08 1.57854e-17 
266 0.972468 1.72914e-31 5.21016e-05 0.02748 1.48819e-19 9.52143e-10 2.16253e-12 4.71394e-35 2.78345e-20 2.74921e-26 
267 6.23122e-42 2.10385e-55 2.66973e-52 1.99526e-13 9.56841e-28 1.43201e-33 1.1505e-29 1 2.45795e-32 7.08121e-50 
268 0.954116 1.71194e-26 4.05269e-18 1.46868e-12 3.62888e-19 1.42638e-14 0.0458843 4.68923e-17 1.73192e-15 6.60643e-19 
269 1.61458e-17 2.19737e-39 6.31045e-13 0.0933778 0.859439 2.8575e-19 2.10169e-19 0.0471803 2.4411e-06 1.00669e-28 
270 4.68696e-14 8.82388e-21 2.81355e-18 0.0411411 2.5235e-07 9.61244e-10 0.035127 0.785574 0.138158 4.49726e-23 
271 8.30877e-28 5.49596e-31 8.32027e-34 1 1.19475e-27 3.66785e-33 4.77776e-31 2.32968e-17 4.94043e-28 1.0582e-41 
272 0.23351 0.00263564 0.637842 1.25526e-05 7.05298e-05 0.0995746 1.07503e-26 6.32283e-39 1.42577e-16 0.0263541 
273 0.8984 1.27889e-39 1.9074e-13 0.101597 1.71469e-16 2.58473e-06 1.29102e-12 2.25217e-22 2.317e-19 1.28904e-15 
274 0.423632 1.53526e-23 1.27521e-10 1.59442e-10 3.63615e-05 0.559854 2.6297e-09 1.35787e-23 0.0164774 1.65862e-09 
275 3.03085e-67 6.39953e-41 7.25881e-36 1 5.90754e-24 8.2814e-30 5.14614e-37 2.58741e-21 2.32004e-29 9.41859e-62 
276 7.46604e-35 4.07198e-40 2.56164e-26 0.336163 1.39213e-15 2.40949e-23 4.63388e-17 0.663837 1.57762e-24 8.31193e-31 
277 5.3109e-29 1.88075e-39 5.99055e-22 2.22887e-15 0.0186062 7.00412e-12 2.1076e-15 0.293665 0.687729 9.21829e-40 
278 3.25269e-23 1.0916e-21 1.97727e-21 0.0040488 0.589733 3.64832e-20 5.85787e-27 0.405992 0.000226606 2.2133e-24 
279 5.01968e-10 2.42032e-15 2.93561e-17 0.459382 3.72801e-14 2.28529e-16 1.14265e-12 0.540618 4.18562e-20 1.3777e-21 
280 0.690695 7.33949e-22 4.36328e-15 6.27209e-18 3.19987e-12 7.60388e-12 0.309277 9.10507e-26 2.72794e-05 9.4775e-08 
281 1.45101e-05 6.33048e-19 0.771189 0.0117242 0.0784675 9.04849e-06 0.137583 3.74232e-09 0.00101323 1.88636e-08 
282 5.22549e-30 1.23309e-34 3.09876e-17 2.16603e-09 0.0835275 0.000521668 1.39316e-22 0.895115 0.0208354 9.21267e-24 
283 3.53655e-36 0.000136206 2.06128e-17 1.24172e-06 5.16161e-19 6.38392e-30 0.999863 4.72955e-09 6.74417e-31 9.90137e-30 
284 1.44126e-32 1.50303e-36 6.90212e-21 3.01406e-15 0.976213 1.07114e-21 5.75043e-23 0.00765435 0.0161322 7.61899e-31 
285 1.72755e-27 4.44455e-15 2.4197e-09 5.622e-05 5.32292e-20 1.6724e-27 0.0744453 0.925498 2.96707e-17 9.83072e-34 
286 0.333127 4.17753e-27 3.70915e-11 0.436333 0.000192283 3.4383e-08 0.13783 6.28363e-12 0.0925181 9.46636e-09 
287 1 1.73164e-16 7.68521e-20 6.96427e-17 1.41679e-11 4.48608e-19 2.53458e-18 1.74572e-28 5.43874e-15 5.29084e-25 
288 1 6.0024e-36 7.06681e-14 3.45594e-16 5.08229e-17 1.46537e-20 6.70013e-19 1.1031e-21 1.07649e-13 4.40112e-14 
289 0.369696 1.83396e-39 3.10194e-09 7.66039e-10 4.94057e-20 0.630304 5.67489e-14 4.05001e-28 1.29767e-09 9.96444e-14 
290 1.70008e-35 1.62067e-46 1.18391e-40 1 2.21393e-14 2.64786e-24 1.70021e-28 8.79073e-20 1.17091e-18 1.76028e-35 
291 2.15438e-29 1.70844e-49 1.20281e-40 1 8.64363e-24 1.58428e-25 1.97273e-32 6.59634e-23 8.87914e-29 2.01406e-32 
292 4.73853e-19 0.0496657 0.000235173 4.41501e-16 4.9769e-16 2.5267e-30 6.00445e-20 0.950099 1.13739e-20 2.14071e-24 
293 1 3.16234e-50 1.0047e-15 3.51632e-22 2.29694e-33 7.89797e-21 1.02807e-19 9.03643e-31 1.35852e-17 1.72869e-14 
294 0.000136828 1.08427e-22 2.07736e-05 0.296384 0.624735 1.49507e-05 0.0787032 5.72312e-06 3.8824e-16 3.02224e-20 
295 0.99999 1.3491e-33 1.14242e-08 3.35034e-12 5.24994e-14 3.68433e-11 1.22124e-10 6.16932e-27 3.10138e-11 9.52642e-06 
296 0.999765 2.0329e-22 3.72229e-08 3.66033e-09 3.31556e-07 1.23079e-06 1.10487e-09 2.72951e-18 0.000233419 7.61353e-09 
297 1.09702e-11 8.10772e-34 5.24152e-16 1 3.96415e-16 1.77062e-08 1.79446e-26 5.30158e-33 1.55766e-17 1.76138e-48 
298 5.95576e-17 1.65063e-15 2.18066e-07 0.144621 0.00249144 6.4816e-06 4.92032e-12 0.43209 0.420791 1.54333e-17 
299 0.999999 2.6352e-39 1.06915e-13 1.9099e-26 6.39838e-20 2.65456e-07 4.99105e-07 7.70977e-29 1.40873e-10 2.17621e-09 
300 0.00929946 3.87639e-18 9.21443e-12 0.608471 0.380341 2.20878e-06 1.24403e-09 3.29695e-12 0.00188622 5.15869e-13 
301 1.24031e-16 5.49089e-35 8.95811e-14 2.48691e-12 0.524035 9.30853e-10 3.85901e-21 0.293927 0.182038 1.06689e-14 
302 1.11293e-21 7.03139e-41 1.15441e-31 1 1.99394e-20 4.60578e-26 1.8302e-28 1.735e-23 6.23107e-22 7.85835e-30 
303 3.06423e-27 2.59497e-44 6.12865e-20 1.87546e-21 4.62043e-15 4.24604e-28 2.15606e-27 1 1.45848e-24 4.38904e-25 
304 2.87269e-40 3.46696e-56 1.91064e-43 1.16467e-29 9.16271e-24 6.51194e-30 4.70845e-43 1 6.38047e-31 6.36736e-38 
305 1.07742e-30 1.54866e-38 1.11579e-09 0.0569723 0.831235 3.24402e-16 1.27002e-38 0.111792 3.30749e-11 1.68143e-19 
306 6.38307e-23 1.52895e-14 9.80404e-17 1.43747e-18 5.48185e-09 6.49851e-21 9.68963e-23 1 2.04871e-25 1.35765e-11 
307 0.524191 4.08015e-21 9.56868e-22 4.80354e-14 0.127573 0.348226 8.90288e-06 1.07862e-06 8.30934e-18 1.01549e-07 
308 1.90558e-27 6.19409e-17 4.5543e-12 5.06286e-20 0.630775 8.01888e-24 0.277941 0.0912833 3.10003e-20 5.22057e-34 
309 1.02316e-35 9.61004e-50 1.52694e-28 2.82766e-20 1.90038e-20 1.39642e-40 3.96392e-29 1 2.36939e-31 2.54715e-37 
310 0.00766577 5.3681e-25 7.31537e-09 2.07962e-05 0.990183 1.57517e-12 6.74219e-12 0.00212036 1.00789e-05 4.46705e-11 
311 1.36144e-33 1.10434e-35 2.54251e-14 0.999595 4.15465e-07 2.08346e-25 1.16871e-29 0.000404351 8.98831e-18 5.19047e-20 
312 0.563707 1.31953e-21 2.79612e-13 2.16049e-20 0.000117401 0.0778249 1.06591e-09 4.14365e-28 5.79972e-07 0.35835 
313 1.62473e-20 3.39746e-36 0.998025 1.55827e-12 0.000135222 2.46359e-15 2.31317e-27 0.0018394 3.99622e-13 3.41414e-18 
314 1.65775e-29 2.76343e-30 1.99569e-24 1.91957e-11 0.780868 8.29408e-19 6.11206e-20 0.219132 1.32356e-13 6.56526e-11 
315 1.57433e-21 5.94675e-27 1.15911e-09 1.13589e-08 7.91066e-14 3.53468e-21 0.00229306 3.96423e-07 0.983474 0.0142325 
316 2.99087e-11 9.90019e-27 1.05904e-15 6.61017e-09 0.999993 8.384e-18 1.10996e-08 7.40114e-06 1.42949e-12 1.99038e-12 
317 0.0409549 3.36646e-20 2.0216e-12 4.00321e-13 0.959045 7.0654e-17 1.41527e-12 4.51395e-09 2.28644e-17 2.40098e-26 
318 4.29616e-22 4.69611e-23 1.04335e-07 1.63319e-11 9.04722e-11 5.69216e-19 4.2523e-19 1.83322e-06 0.905419 0.0945787 
319 4.17409e-19 9.81712e-20 1.09092e-14 4.7755e-15 1 8.93161e-18 1.09592e-26 1.87929e-07 2.12675e-10 3.64053e-17 
320 1.80092e-26 6.43576e-42 5.29998e-16 4.52548e-30 2.22538e-21 3.97263e-25 3.61326e-23 1 6.64012e-24 6.52932e-18 
321 1.55415e-16 6.99894e-33 1 5.99949e-17 5.34736e-11 5.00013e-17 1.00991e-07 1.62545e-08 6.71949e-12 1.31524e-10 
322 1.87184e-07 7.04232e-25 1.12774e-08 2.13568e-07 0.0256039 1.17587e-11 4.06327e-16 0.97438 1.62075e-05 2.42978e-12 
323 1.95721e-20 5.51677e-31 9.96663e-16 7.84011e-07 0.604768 7.74516e-23 5.21256e-61 0.395231 3.97291e-08 1.8247e-23 
324 3.76521e-19 3.17968e-33 2.35598e-15 7.09887e-12 0.993216 7.15377e-10 7.53777e-26 0.00666269 0.000120962 3.71652e-19 
325 0.0344567 5.66326e-18 0.0019246 0.190318 0.289087 0.0551425 2.04667e-18 7.3097e-08 0.116196 0.312875 
326 2.48161e-15 7.36421e-43 2.21766e-15 2.60036e-12 1.74855e-10 0.597814 1.22374e-24 0.402186 2.75071e-23 5.87743e-24 
327 5.19474e-18 7.24674e-17 3.81513e-18 6.80518e-08 0.479511 7.28523e-18 2.70373e-30 0.520489 2.98165e-12 1.30563e-21 
328 1.3614e-21 9.32894e-56 3.34355e-19 2.2432e-18 7.12546e-14 1.46999e-23 7.30789e-18 1 1.18433e-20 3.47462e-12 
329 1.19387e-27 5.59231e-55 2.90646e-20 8.30555e-19 4.98462e-12 0.690132 6.09752e-32 0.309868 1.43202e-20 1.8589e-27 
330 1.83493e-23 5.40533e-39 5.72022e-26 1.10028e-11 1 9.98737e-23 5.47187e-27 2.57805e-14 2.97091e-16 9.983e-30 
331 2.17046e-20 1.04795e-26 1.74382e-17 7.1478e-15 5.49911e-16 5.30065e-19 1.1671e-20 1 5.96219e-20 4.62722e-15 
332 4.68584e-26 5.30457e-28 3.05422e-14 2.79699e-18 0.664514 1.15422e-22 0.0100585 0.325427 1.69664e-27 3.23685e-24 
333 3.94207e-20 8.85688e-37 1.26409e-19 7.62175e-29 3.24059e-10 5.71945e-27 6.96039e-22 0.0600429 4.61063e-18 0.939957 
334 3.51207e-13 4.86051e-33 1.79594e-05 4.30796e-19 0.999982 5.5829e-19 1.43593e-13 7.87939e-14 4.63085e-19 4.48994e-16 
335 1.30081e-25 1.18335e-36 6.31804e-24 2.59762e-08 4.43754e-05 2.69797e-14 1.6244e-24 0.999956 1.99145e-26 8.70574e-29 
336 0.102673 2.32127e-14 1.2889e-05 4.76771e-07 0.897314 8.89814e-15 6.41088e-11 2.27076e-07 2.12345e-11 1.10079e-17 
337 2.50083e-34 1.06495e-23 4.74293e-13 3.71799e-08 0.963757 1.23072e-32 1.23425e-25 0.0362428 2.99186e-23 5.02318e-23 
338 9.06874e-14 2.02053e-16 9.06678e-12 1.3677e-06 0.208786 1.49373e-07 5.75092e-17 0.304143 0.48707 4.25968e-07 
339 4.77163e-18 5.87277e-32 2.32018e-11 0.363055 0.636913 6.95945e-14 8.72085e-16 3.19062e-05 3.13046e-09 4.23037e-19 
340 6.49019e-17 9.74855e-37 2.79008e-15 0.000151058 1.61796e-13 2.38626e-18 6.39025e-07 3.48222e-10 0.7138 0.286048 
341 2.02184e-21 1.06214e-33 1.8647e-13 2.35487e-14 1 1.67659e-18 2.6156e-17 4.26387e-07 3.33327e-16 3.17715e-14 
342 1.87731e-26 3.12549e-37 0.999964 1.12485e-13 2.93256e-05 1.01969e-15 2.12976e-24 6.49009e-06 6.05314e-16 9.63077e-17 
