0 1.42671e-24 1.59139e-26 1.45598e-20 5.14386e-30 0.145058 8.95477e-28 0.854942 4.03845e-22 4.64801e-13 5.45249e-22 
1 4.14736e-27 5.73075e-22 9.57899e-12 1.56232e-27 0.000117316 8.68107e-23 0.99988 6.92419e-20 2.98977e-06 1.31231e-14 
2 2.31868e-36 1.07847e-25 1.39818e-24 1.65326e-31 5.37208e-11 8.3629e-29 0.0171062 1.27483e-31 0.982894 6.21938e-14 
3 6.32416e-14 1.73815e-08 3.27116e-11 3.68203e-09 0.0265242 5.78089e-13 0.471114 0.00707455 0.493062 0.0022245 
4 3.03658e-17 1.58286e-16 2.04016e-07 4.45374e-14 4.02809e-05 1.02752e-13 0.564761 3.13729e-05 0.435168 4.7493e-08 
5 4.87009e-25 1.08278e-08 1.58145e-12 1.02841e-24 0.390627 1.38171e-19 0.609373 1.86324e-19 8.96496e-13 1.12474e-20 
6 6.15464e-16 4.69876e-11 5.12243e-17 3.10832e-08 0.205311 6.1878e-21 0.794689 5.24776e-12 3.56459e-13 1.87308e-08 
7 3.7677e-19 2.66386e-09 6.41408e-13 4.04606e-17 0.119961 2.27422e-14 0.880039 7.36384e-12 3.81294e-11 5.6496e-14 
8 1.11298e-18 0.127892 2.73656e-12 4.03089e-19 2.61608e-08 1.12302e-13 0.872077 5.46156e-06 7.82838e-21 2.51236e-05 
9 5.69346e-08 2.64585e-14 1.01547e-09 5.32144e-14 0.113552 4.30083e-08 0.839484 2.61819e-06 0.00283656 0.0441247 
10 1.43082e-11 9.37964e-17 8.64709e-15 1.62778e-22 2.18898e-05 1.24258e-15 0.999978 2.10519e-11 1.69114e-15 3.82316e-16 
11 8.8222e-17 4.70643e-15 2.92819e-15 1.13848e-21 2.53221e-06 3.83241e-14 0.999997 3.93739e-14 1.07476e-14 4.22548e-21 
12 1.22555e-13 2.25506e-09 1.15598e-10 3.6044e-10 0.000906073 1.55148e-16 0.161554 4.15666e-10 0.837505 3.4623e-05 
13 1.19573e-11 1.53913e-19 1.3583e-14 3.98365e-19 5.80614e-08 2.93717e-13 1 2.74314e-14 2.83862e-15 8.53605e-21 
14 0.241491 4.98355e-08 1.34566e-05 3.80751e-25 6.83367e-17 2.04594e-06 0.626343 8.45339e-11 0.0509864 0.0811637 
15 4.12791e-16 1.77579e-09 9.32858e-15 2.54334e-13 0.0101815 1.1141e-21 0.970877 3.39273e-08 1.50199e-08 0.0189415 
16 3.49017e-06 5.62755e-07 3.94883e-10 8.92149e-14 3.70269e-05 3.50484e-06 1.51064e-05 2.77405e-17 8.16659e-16 0.99994 
17 1.8846e-09 2.22096e-15 5.95255e-09 1.29033e-16 0.000599145 2.00812e-08 0.648645 2.33303e-14 4.52736e-12 0.350756 
18 3.98782e-22 2.04918e-20 1.36561e-19 1.96211e-18 1 8.49224e-19 5.06471e-18 9.75974e-12 1.21323e-08 1.72829e-08 
19 3.82298e-14 1.10031e-17 2.02184e-17 1.65065e-20 0.000828895 6.23507e-21 0.999171 5.02626e-12 5.96841e-12 3.55078e-21 
20 7.98285e-19 1.73384e-20 8.15506e-13 1.24897e-20 0.000199661 1.22114e-16 0.9998 1.26175e-11 1.7705e-11 2.48781e-20 
21 1.98858e-11 0.547968 4.47237e-16 7.41043e-13 8.00952e-08 1.57691e-14 0.452032 5.92386e-14 7.42336e-11 4.79738e-10 
22 7.79778e-27 8.39513e-20 3.27213e-30 1.67568e-12 0.942257 2.33836e-15 1.00679e-05 5.58547e-12 5.02552e-13 0.0577331 
23 2.90972e-22 2.16119e-11 1.24461e-09 8.04092e-12 0.243752 8.86977e-12 0.692572 0.0310865 0.0325889 6.80181e-08 
24 4.11511e-17 4.15249e-19 3.97297e-10 1.90052e-05 6.2229e-09 0.124009 1.83573e-11 1.94266e-11 5.25476e-16 0.875972 
25 8.62164e-14 3.64182e-06 0.000389804 1.47055e-15 0.55589 1.97086e-10 0.443213 3.66663e-10 0.000121065 0.000382292 
26 2.00144e-19 3.37595e-16 3.80941e-21 4.5147e-24 1.13343e-13 1.07659e-18 0.676653 3.34533e-14 8.05385e-24 0.323347 
27 2.35358e-59 1.50563e-70 4.6693e-80 2.56362e-150 1.20453e-38 1.69213e-219 0.705016 1.44664e-65 0.294984 2.40639e-54 
28 3.4894e-13 1.47537e-08 2.4568e-13 0.408111 0.227749 3.68866e-15 0.36414 3.86385e-12 4.63882e-10 5.32282e-08 
29 5.86262e-30 9.04233e-25 1.89815e-19 1.12641e-27 1.84433e-11 2.01223e-23 2.65074e-05 2.37101e-22 0.999973 1.94539e-16 
30 3.94047e-15 7.43098e-13 4.5854e-17 6.12427e-18 7.39484e-10 1.13617e-15 0.966008 3.94378e-15 1.92366e-05 0.0339726 
31 7.89965e-07 4.62598e-10 1.43882e-11 9.09691e-07 2.68079e-05 3.17573e-07 0.994843 1.77803e-06 8.40296e-08 0.00512589 
32 3.0393e-16 1.19988e-05 2.69808e-13 6.25728e-10 3.43983e-09 1.64383e-20 0.998199 2.48932e-13 0.00178899 1.34366e-10 
33 9.17795e-20 2.42719e-18 8.66487e-15 3.03616e-16 3.16773e-07 1.50059e-09 0.999999 1.08524e-08 6.57856e-07 7.3806e-15 
34 2.97517e-13 3.29302e-13 4.1026e-06 2.26698e-18 4.3844e-08 2.33377e-14 0.999992 3.49744e-06 2.64669e-15 1.21155e-11 
35 5.30383e-08 1.32102e-25 1.3494e-13 1.9146e-15 6.50487e-05 1.81886e-08 0.396051 2.65026e-15 2.40435e-17 0.603884 
36 1.60173e-17 8.35972e-11 1.40547e-08 5.74309e-09 0.053145 4.1271e-19 0.485301 1.06546e-07 0.0299431 0.431611 
37 1.54079e-19 1.37899e-17 1.05063e-10 1.37341e-18 1.18153e-05 2.03432e-18 0.999975 6.81677e-13 4.18972e-08 1.34966e-05 
38 1.997e-28 2.73653e-19 3.19935e-21 2.52715e-24 4.02012e-10 2.44145e-28 1 6.0557e-16 1.11877e-17 2.06114e-14 
39 9.02554e-11 6.71418e-12 2.41061e-14 3.31461e-07 7.914e-14 5.14642e-18 0.999585 2.4097e-09 4.63817e-10 0.000414596 
40 2.30441e-22 7.63402e-13 4.08364e-13 3.18197e-19 0.011791 1.18164e-19 0.987954 0.00025401 4.8854e-14 5.8293e-07 
41 1.14882e-27 1.20722e-09 2.15125e-23 1.60396e-23 2.46061e-13 2.55912e-08 0.210176 7.05818e-07 3.36959e-13 0.789824 
42 1.76236e-15 3.14157e-26 4.01229e-16 7.934e-17 0.632701 2.60429e-18 0.367298 8.89859e-16 5.31577e-19 4.68999e-08 
43 6.51925e-19 1.75481e-14 1.18063e-17 1.97116e-16 1.23478e-10 1.25811e-15 1 4.21544e-13 2.96448e-14 1.60123e-15 
44 1.69657e-26 2.52648e-06 1.0161e-16 1.00214e-14 0.230086 5.57534e-19 0.769908 2.99309e-23 1.52143e-09 3.80196e-06 
45 5.90552e-15 3.36131e-06 0.0149731 5.86925e-14 0.043068 5.81963e-09 0.812648 5.99186e-12 0.129307 7.43792e-07 
46 1.82706e-16 1.45111e-12 1.20855e-06 4.457e-14 0.000380511 4.53238e-10 0.650074 5.62778e-09 0.000191702 0.349352 
47 1.74149e-16 2.01403e-18 1.5048e-14 1.81659e-22 0.111766 3.64284e-09 0.888234 7.81548e-13 9.75736e-16 4.76739e-15 
48 1.72252e-14 0.000239882 2.0236e-09 7.22569e-05 0.0399722 2.82697e-05 0.517162 6.92264e-07 0.00590137 0.436623 
49 5.44044e-07 0.000110865 0.00334273 5.87099e-14 0.106313 2.5861e-15 0.28372 0.0213436 0.585169 5.39206e-12 
50 1.72253e-20 5.17697e-21 1.12755e-24 8.4496e-23 1.61984e-16 7.97046e-25 1 2.61255e-19 9.51562e-25 6.98186e-21 
51 2.09352e-22 5.25217e-31 1.02802e-20 1.22974e-29 1.83045e-12 8.88553e-28 0.823203 1.94487e-14 1.03152e-20 0.176797 
52 2.09029e-16 0.240234 1.09057e-12 1.41545e-15 0.0422328 3.17447e-16 0.717482 3.83885e-07 5.0714e-05 1.24174e-16 
53 1.14024e-10 7.78686e-07 3.47068e-09 1.09225e-05 6.02968e-08 7.70519e-11 0.993572 0.00633207 1.48636e-11 8.38118e-05 
54 4.91202e-27 1.67534e-25 4.42609e-17 6.87964e-19 8.11564e-09 4.55957e-15 1 5.1953e-26 7.93738e-09 4.72843e-18 
55 1.97199e-17 7.06154e-14 4.51492e-09 3.69811e-09 0.0330233 5.00555e-06 0.91968 1.17599e-10 0.047289 2.17833e-06 
56 2.05805e-16 1.07433e-16 1.46276e-12 1.43151e-17 7.35414e-07 2.21318e-19 0.999988 1.09382e-05 9.50635e-09 2.2257e-18 
57 2.23063e-12 4.95162e-15 9.20339e-18 1.99047e-31 0.0359762 2.90587e-27 0.964024 4.02487e-16 4.8878e-16 1.02477e-09 
58 2.64943e-24 2.16041e-09 7.48396e-10 1.29743e-17 0.134121 1.07214e-18 0.83043 1.6929e-12 0.0354492 4.56596e-10 
59 2.26868e-20 1.57555e-14 1.32399e-11 5.05085e-18 0.241428 3.26283e-13 0.75857 2.01971e-16 2.05016e-06 8.25046e-20 
60 4.39412e-18 5.16626e-17 0.502436 9.93479e-08 2.0459e-07 2.23482e-15 0.497563 1.5689e-10 4.60596e-11 5.16897e-17 
61 1.20545e-13 0.0932805 3.92914e-06 6.27573e-11 0.1343 2.54372e-16 0.772415 4.83525e-13 1.44603e-16 6.02511e-19 
62 3.11005e-09 5.10038e-39 2.63442e-10 6.74698e-19 4.47465e-08 2.16181e-06 0.000349287 2.20908e-07 1.80636e-14 0.999648 
63 4.11155e-14 1.10649e-15 9.16833e-14 7.95526e-10 0.0297861 2.57626e-09 0.968189 2.07807e-11 0.00202486 4.19174e-11 
64 2.46209e-05 2.89374e-21 0.872416 1.15407e-20 8.42772e-12 3.38016e-11 0.12756 2.35161e-09 3.7507e-17 8.12857e-15 
65 4.64209e-30 4.18878e-18 6.37775e-31 1.44707e-24 3.35472e-07 4.05286e-27 8.62253e-10 6.59207e-15 0.999999 3.60133e-07 
66 1.78496e-16 7.74553e-11 1.38265e-12 1.11051e-18 0.134199 1.09463e-19 0.865801 8.81712e-11 4.79016e-14 7.58749e-22 
67 1.34298e-24 1.40533e-26 1.50831e-20 4.39915e-30 0.145058 8.14314e-28 0.854942 3.63757e-22 5.10721e-13 5.58777e-22 
68 3.58408e-20 1.55293e-21 6.60689e-23 4.30533e-23 7.37061e-17 6.00782e-25 1 3.23211e-19 1.27836e-24 8.01547e-21 
69 6.51117e-12 4.63351e-20 2.95399e-16 1.70972e-18 2.39718e-11 3.13862e-26 0.999999 1.37262e-17 5.22824e-07 8.40776e-10 
70 9.9904e-20 2.35126e-12 3.0001e-13 9.22766e-18 6.33367e-05 2.63436e-10 0.999936 1.83287e-15 6.98358e-07 4.22912e-13 
71 1.04228e-18 7.05025e-22 1.70472e-18 3.3424e-19 1.17284e-17 3.04213e-21 1 1.27921e-16 8.26909e-14 1.20869e-13 
72 3.76048e-23 6.60735e-30 1.35169e-21 6.09258e-18 1.07276e-11 7.01937e-25 0.728328 1.13683e-17 6.84014e-19 0.271672 
73 4.84746e-15 3.81372e-17 9.82888e-09 5.23764e-17 0.00698831 4.84059e-16 0.993012 2.29198e-09 1.33597e-07 1.84932e-14 
74 8.1242e-12 4.09846e-06 2.7249e-12 2.22758e-17 0.0075898 4.17691e-15 0.980019 1.4447e-11 0.0123874 3.44184e-09 
75 0.429803 2.49591e-16 7.72816e-10 1.37777e-09 3.82037e-07 0.0751395 0.495057 1.76815e-08 5.05445e-09 8.07317e-17 
76 2.96895e-20 1.28711e-15 9.28904e-18 1.66878e-24 1.13428e-12 1.00021e-24 1 2.45299e-33 6.68239e-09 2.08261e-21 
77 1.28231e-18 2.84709e-24 2.49854e-11 8.56265e-25 0.983779 1.42608e-18 0.0162214 1.16743e-12 9.20922e-10 4.43661e-19 
78 6.72045e-31 1.81772e-25 2.00088e-07 4.03119e-23 0.0600687 4.31806e-12 0.937112 0.00281952 3.32863e-20 3.73817e-31 
79 8.53831e-16 4.45432e-13 4.55188e-09 2.03726e-20 5.51189e-08 0.300352 0.699647 1.06447e-10 1.58286e-08 1.39598e-09 
80 4.01585e-19 2.2036e-13 8.29027e-14 1.66842e-14 0.572047 0.0553683 0.225942 9.35684e-13 0.146643 1.37029e-08 
81 2.54321e-59 1.67784e-70 3.91642e-80 2.89795e-150 2.41257e-38 1.25696e-219 0.705016 1.76029e-65 0.294984 2.07955e-54 
82 2.46892e-14 5.32901e-11 3.4148e-07 2.95445e-17 5.98155e-11 1.43757e-14 0.87838 0.121619 6.95056e-11 3.18078e-15 
83 0.00708696 0.147776 2.5244e-09 9.02838e-14 0.0948152 2.93715e-08 0.750305 1.16452e-13 1.75016e-05 2.26113e-12 
84 5.50954e-18 2.56533e-17 2.44143e-10 3.45303e-10 0.0319691 3.83279e-19 0.968031 4.60498e-10 2.27756e-08 5.28995e-10 
85 1.25647e-24 3.8989e-20 8.2277e-13 3.84287e-19 0.196736 1.1257e-14 0.445627 0.357636 2.39156e-10 1.63578e-13 
86 1.26179e-08 9.9185e-10 3.20926e-11 2.04431e-14 0.168166 5.71797e-06 0.831827 1.26898e-06 3.46589e-09 9.00257e-10 
87 1.40134e-14 1.41361e-23 1.22698e-24 1.14684e-27 0.00856991 1.65684e-12 0.823297 7.68139e-14 8.30969e-24 0.168134 
88 4.85424e-14 7.33612e-20 6.88159e-11 3.0387e-18 8.32632e-06 3.59591e-11 0.843566 2.30492e-06 1.67314e-15 0.156423 
89 5.13209e-11 2.98351e-15 7.0421e-08 6.46312e-13 5.67917e-07 1.18163e-12 0.999996 2.21412e-12 3.56035e-06 1.4424e-15 
90 5.32046e-21 1.78281e-10 3.50316e-14 7.2355e-20 0.237811 1.52239e-13 0.762189 1.82939e-12 1.7785e-11 7.32511e-18 
91 2.84168e-09 3.20188e-08 3.74345e-16 1.37474e-15 0.0123517 8.57132e-19 0.0302868 5.28048e-07 6.87401e-10 0.957361 
92 7.25109e-15 2.53713e-15 2.34127e-10 5.24594e-13 7.81761e-07 2.27394e-13 0.999999 1.24918e-10 8.18909e-13 1.10346e-12 
93 4.21547e-10 8.02298e-06 0.0124288 1.87799e-07 0.502295 3.27461e-11 0.485033 6.21798e-08 1.07217e-06 0.000233443 
94 3.37194e-14 4.00661e-13 6.56219e-09 2.24632e-08 1.96272e-07 1.6376e-10 0.783082 1.75461e-08 3.71775e-11 0.216917 
95 3.43858e-12 3.55536e-15 7.00167e-14 3.77926e-21 2.10718e-05 1.29634e-10 0.856465 7.21419e-11 5.88686e-08 0.143514 
96 4.52129e-20 3.68125e-26 6.60863e-18 6.20913e-35 0.999783 2.05925e-24 0.000216602 2.52804e-22 2.51278e-13 5.45689e-20 
97 1.99181e-09 4.27977e-06 0.0334676 0.000313919 3.32114e-05 1.57592e-11 0.940729 7.00864e-07 0.0254512 2.10358e-16 
98 6.86934e-21 6.33458e-19 2.37741e-06 4.45449e-16 4.25944e-05 1.28019e-24 0.883218 3.31555e-26 0.116737 3.38391e-13 
99 5.1801e-22 3.95523e-18 3.61668e-10 1.32133e-28 5.95908e-20 1.73198e-20 1 2.82943e-21 4.96271e-16 1.85232e-32 
100 3.33741e-28 4.11735e-19 5.43345e-21 3.33109e-24 6.16299e-10 2.57702e-28 1 8.33238e-16 1.23267e-17 1.76902e-14 
101 1 6.54368e-32 7.91711e-33 3.99942e-38 1.12302e-29 1.41213e-40 2.64721e-33 3.24419e-35 3.59954e-31 1.3543e-30 
102 0.0155627 3.05385e-10 4.23044e-31 0.401114 2.05928e-07 0.0406151 1.38495e-13 0.0782277 0.306481 0.157999 
103 0.0345374 9.11848e-15 0.842383 2.15045e-16 1.10406e-12 1.27984e-10 0.000244983 2.62179e-06 3.9384e-07 0.122832 
104 1 6.89003e-32 7.40185e-33 3.96266e-38 1.10632e-29 1.37069e-40 2.7928e-33 3.04682e-35 3.41925e-31 1.18434e-30 
105 1 1.39406e-29 1.50758e-17 6.188e-34 6.23014e-28 1.36271e-29 3.80377e-19 4.06329e-19 6.44422e-13 6.60614e-10 
106 0.285723 2.73734e-30 0.714277 3.63072e-41 1.04704e-31 6.39594e-41 2.81649e-29 2.64922e-30 3.4233e-21 2.43379e-25 
107 0.989433 2.02031e-18 1.91717e-16 1.25581e-25 1.80425e-22 2.23145e-14 5.89743e-14 3.69973e-16 0.0105671 2.7411e-18 
108 0.556601 4.54984e-29 1.68816e-18 2.41694e-46 3.02252e-25 0.443399 6.68548e-36 3.83849e-18 7.47782e-21 1.28813e-19 
109 0.0805032 8.05978e-31 1.28989e-33 4.1834e-38 4.061e-41 6.96455e-38 0.919497 1.12648e-23 1.94275e-24 5.33282e-29 
110 1 5.93879e-32 1.34898e-28 4.78177e-29 1.33384e-30 6.28309e-32 8.46537e-27 2.11698e-25 4.65318e-24 3.79994e-23 
111 0.625325 0.0353228 0.339351 7.68394e-12 3.64423e-12 5.82782e-18 4.60797e-11 2.70964e-10 1.15145e-06 6.04847e-11 
112 0.000906104 7.54635e-27 1.43046e-27 7.36801e-35 5.3647e-33 4.35186e-27 8.12945e-33 1.03304e-30 0.999094 5.46076e-24 
113 1 7.23584e-32 7.96631e-33 4.01946e-38 1.04151e-29 1.46261e-40 2.5094e-33 3.16399e-35 3.38342e-31 1.38769e-30 
114 1 4.57987e-24 2.09017e-18 3.16199e-27 1.59148e-24 1.77101e-22 2.2478e-16 7.52137e-21 3.56781e-11 1.86226e-14 
115 1 8.53701e-27 4.00801e-19 1.45207e-25 1.18329e-28 5.54368e-28 4.45289e-26 1.47276e-21 7.97066e-19 5.22907e-21 
116 0.550143 0.0828885 0.0878704 1.29761e-05 4.89498e-22 6.59263e-17 3.18381e-30 0.019461 2.10091e-15 0.259625 
117 0.564907 0.170065 1.53724e-14 0.0271614 2.19217e-05 1.04588e-10 6.5894e-14 0.00858898 0.0135105 0.215746 
118 1 1.71335e-28 4.0189e-19 3.16501e-33 8.32044e-29 1.27627e-25 1.16473e-14 5.41771e-30 2.77501e-20 6.56777e-23 
119 0.00091011 7.61696e-27 1.38182e-27 7.96853e-35 5.16874e-33 4.08241e-27 7.90412e-33 1.05245e-30 0.99909 5.15045e-24 
120 0.625325 0.0353228 0.339351 8.00339e-12 3.47207e-12 6.36158e-18 4.74662e-11 2.65188e-10 1.13706e-06 5.71499e-11 
121 0.285723 2.61944e-30 0.714277 3.87432e-41 9.52481e-32 6.19009e-41 2.85029e-29 2.85072e-30 3.36102e-21 2.33396e-25 
122 0.644363 1.69798e-21 6.82098e-23 2.18641e-26 2.18067e-23 0.355637 2.07801e-22 1.66181e-18 1.72511e-14 2.56196e-17 
123 0.285723 2.75578e-30 0.714277 3.69745e-41 1.1538e-31 5.72736e-41 2.69406e-29 2.72513e-30 3.49733e-21 2.45431e-25 
124 0.079662 7.81717e-31 1.34272e-33 3.87275e-38 4.20329e-41 6.28046e-38 0.920338 9.13726e-24 1.75203e-24 4.21622e-29 
125 1 1.91632e-12 2.0444e-19 1.62763e-25 1.59826e-19 7.93226e-12 1.08897e-09 2.25853e-13 8.22356e-16 3.5113e-13 
126 1 9.23205e-27 4.33491e-19 1.59815e-25 1.39126e-28 6.60628e-28 4.48608e-26 1.59376e-21 7.88853e-19 6.12106e-21 
127 1 7.10108e-29 6.77232e-29 9.60574e-30 2.8883e-29 2.38966e-37 3.50563e-27 1.50033e-26 1.02173e-26 2.29732e-28 
128 1 9.96357e-25 6.07802e-28 5.82477e-30 1.10642e-24 2.50962e-21 1.63815e-21 6.68998e-19 3.59793e-17 1.40545e-23 
129 1 1.51763e-29 1.51987e-17 7.47375e-34 5.32229e-28 1.47827e-29 4.23567e-19 4.31137e-19 6.22509e-13 6.65843e-10 
130 0.285723 2.73067e-30 0.714277 3.82008e-41 1.05061e-31 6.32843e-41 2.84677e-29 2.64331e-30 3.10873e-21 2.41722e-25 
131 0.644363 1.71538e-21 6.5134e-23 2.14471e-26 1.95427e-23 0.355637 2.04057e-22 1.51089e-18 1.55272e-14 3.01952e-17 
132 0.0798996 8.19558e-31 1.16754e-33 4.09304e-38 3.94131e-41 6.39906e-38 0.9201 1.00995e-23 1.94611e-24 4.69348e-29 
133 0.998566 2.9784e-25 1.42412e-25 1.16894e-31 2.33422e-22 5.09563e-26 1.18344e-14 1.6263e-22 0.00143373 3.18562e-08 
134 1 1.73779e-28 3.88691e-19 3.04353e-33 8.63607e-29 1.41056e-25 1.16591e-14 5.51901e-30 3.17368e-20 7.17623e-23 
135 0.0797462 8.24669e-31 1.33191e-33 4.24836e-38 4.45744e-41 7.2738e-38 0.920254 1.01085e-23 2.20179e-24 5.00231e-29 
136 0.898304 2.78409e-07 0.0553192 3.92106e-10 4.86131e-08 0.00144947 0.0202199 1.93755e-10 0.0247066 6.42285e-07 
137 1 2.81305e-26 2.81896e-36 2.69965e-24 2.95149e-27 9.36472e-24 5.17337e-22 5.21048e-09 6.44342e-23 1.09226e-16 
138 0.518073 5.49689e-13 2.37225e-13 2.10445e-13 9.52615e-12 1.43275e-25 2.68174e-11 1.92963e-07 0.481927 1.30418e-08 
139 0.0788009 8.66241e-31 1.37219e-33 4.19311e-38 4.34912e-41 6.9748e-38 0.921199 1.07134e-23 2.19264e-24 4.66667e-29 
140 1 7.03219e-32 7.89297e-33 4.34506e-38 1.11224e-29 1.47502e-40 2.55523e-33 3.14278e-35 3.83613e-31 1.32088e-30 
141 1 4.48837e-24 2.02133e-18 3.09477e-27 1.56769e-24 1.88868e-22 2.2025e-16 8.00917e-21 3.57848e-11 2.14353e-14 
142 9.69957e-10 3.43771e-11 0.0328196 3.19396e-24 0.333139 1.24386e-11 0.11902 0.515022 2.3299e-14 1.44488e-09 
143 3.21154e-15 1 3.39192e-17 1.84645e-29 5.11514e-22 2.09028e-34 4.67904e-18 8.43522e-24 7.5103e-14 5.12444e-17 
144 0.0790946 7.35846e-31 1.21272e-33 4.17203e-38 4.13319e-41 7.45623e-38 0.920905 1.05511e-23 1.85282e-24 4.59235e-29 
145 0.0810598 8.24931e-31 1.26288e-33 4.31175e-38 4.47786e-41 6.80388e-38 0.91894 1.01685e-23 2.00194e-24 4.90376e-29 
146 1 4.87585e-28 4.49459e-31 6.82585e-40 1.48714e-28 2.43127e-37 1.00444e-28 1.12045e-27 2.94008e-25 6.86577e-31 
147 1 7.16027e-32 7.77248e-33 4.36469e-38 1.09088e-29 1.46103e-40 2.59995e-33 2.99351e-35 3.46096e-31 1.2494e-30 
148 1 6.3279e-32 1.42282e-28 3.87004e-29 1.35496e-30 6.13648e-32 8.40743e-27 2.17526e-25 5.07977e-24 3.88848e-23 
149 1 2.1239e-31 7.71861e-24 2.90681e-31 1.06849e-21 2.89103e-23 7.03913e-21 4.42956e-22 1.00025e-14 6.1939e-23 
150 0.0303501 1.0085e-12 6.16671e-05 4.64425e-16 1.4666e-15 4.71012e-08 1.51744e-09 0.00219301 9.79415e-09 0.967395 
151 0.574629 3.00346e-06 5.91484e-06 3.19532e-14 2.80372e-12 9.93319e-08 7.23872e-08 0.423179 0.00217376 9.16622e-06 
152 1 6.37638e-29 7.11188e-29 9.54876e-30 2.93647e-29 2.35292e-37 3.44063e-27 1.53431e-26 1.02219e-26 2.25619e-28 
153 1 1.87053e-29 1.2546e-24 8.19615e-30 1.6117e-30 4.52113e-31 1.64409e-18 4.00443e-28 4.35083e-13 7.78709e-35 
154 1 2.14866e-31 8.16034e-24 3.2457e-31 1.07073e-21 2.95607e-23 8.46512e-21 4.59739e-22 1.02416e-14 6.81096e-23 
155 0.0799781 8.43029e-31 1.35456e-33 3.801e-38 4.68654e-41 7.0717e-38 0.920022 1.0805e-23 2.10401e-24 5.4206e-29 
156 0.927021 3.6505e-21 3.88617e-08 4.50289e-31 6.56534e-48 1.39677e-08 1.24845e-32 1.82551e-15 3.1726e-07 0.0729789 
157 0.081837 8.51007e-31 1.31514e-33 4.00239e-38 4.65822e-41 7.29616e-38 0.918163 1.054e-23 1.9905e-24 5.0527e-29 
158 0.556601 4.38321e-29 2.47685e-18 2.26384e-46 2.43651e-25 0.443399 6.01696e-36 4.1864e-18 8.15128e-21 1.3743e-19 
159 0.989433 2.06605e-18 1.76046e-16 1.13467e-25 1.6396e-22 2.20057e-14 5.48198e-14 3.59796e-16 0.0105671 2.5572e-18 
160 6.91841e-05 2.63913e-06 7.02354e-11 0.322372 2.42632e-08 7.94242e-12 2.36467e-07 5.62274e-05 3.01774e-06 0.677497 
161 0.0780179 8.64524e-31 1.36783e-33 3.81545e-38 4.03308e-41 6.38856e-38 0.921982 1.04684e-23 1.891e-24 5.01748e-29 
162 1 6.20178e-32 1.30447e-28 4.33008e-29 1.31736e-30 6.01172e-32 8.4118e-27 2.16585e-25 4.48177e-24 3.6914e-23 
163 9.82776e-16 0.889313 4.59706e-13 1.10605e-13 1.01155e-07 1.66797e-06 1.34839e-13 0.110348 1.09825e-11 0.000337559 
164 1 1.38316e-11 4.02541e-17 5.76271e-21 3.42128e-14 5.64608e-11 2.9743e-17 5.05083e-14 9.62356e-13 2.99728e-13 
165 0.000877141 7.203e-27 1.5563e-27 7.98553e-35 5.15329e-33 4.53656e-27 8.2391e-33 1.07327e-30 0.999123 5.24725e-24 
166 1 6.49715e-32 1.41657e-28 4.24013e-29 1.44342e-30 6.5053e-32 8.3233e-27 2.22476e-25 4.92873e-24 3.70457e-23 
167 1 4.48539e-20 2.41156e-23 1.33142e-27 1.14819e-20 3.96033e-24 7.23175e-17 2.5132e-23 5.87871e-13 1.98062e-13 
168 1 8.78951e-25 5.73911e-28 5.9886e-30 1.11325e-24 2.79117e-21 1.59075e-21 6.79933e-19 3.60829e-17 1.51588e-23 
169 1 1.10327e-24 5.88155e-28 5.76048e-30 1.12097e-24 2.46401e-21 1.52962e-21 6.78249e-19 3.6164e-17 1.46779e-23 
170 0.998567 3.26809e-25 1.52711e-25 1.36905e-31 2.7971e-22 4.47052e-26 1.05379e-14 1.37439e-22 0.0014332 3.33019e-08 
171 0.285723 2.74882e-30 0.714277 3.93613e-41 1.0372e-31 6.11427e-41 2.84486e-29 2.63162e-30 3.34339e-21 2.56064e-25 
172 7.1279e-13 5.82314e-10 2.80719e-10 2.04827e-14 7.97296e-06 0.981251 0.0187412 1.61146e-10 1.96136e-07 1.91685e-09 
173 1 1.36389e-11 4.17708e-17 6.06713e-21 3.69709e-14 5.62773e-11 3.38133e-17 5.04119e-14 9.35374e-13 3.1779e-13 
174 0.0776427 7.55555e-31 1.21876e-33 3.90509e-38 3.94452e-41 6.40068e-38 0.922357 1.05581e-23 1.87633e-24 4.28878e-29 
175 0.644363 1.63488e-21 7.02691e-23 2.65971e-26 2.40977e-23 0.355637 2.05206e-22 1.6369e-18 1.4733e-14 3.12594e-17 
176 2.96498e-19 2.33157e-17 3.61836e-21 1.51439e-16 0.122213 2.5555e-19 4.78925e-16 0.870471 0.0050592 0.00225759 
177 0.556601 2.89853e-29 2.26595e-18 2.26902e-46 3.2093e-25 0.443399 6.39865e-36 3.82121e-18 6.94184e-21 1.27269e-19 
178 0.000932884 6.87968e-27 1.35323e-27 8.66555e-35 4.71588e-33 4.23681e-27 8.78941e-33 1.00782e-30 0.999067 5.08135e-24 
179 1 2.10915e-29 1.2134e-24 8.9659e-30 1.22182e-30 3.39604e-31 1.61426e-18 3.88058e-28 4.34609e-13 8.06836e-35 
180 0.346226 2.46638e-06 0.000225327 4.89564e-14 4.20883e-09 6.93673e-11 2.08301e-08 0.482985 0.16542 0.00514127 
181 1 1.62095e-28 4.6255e-19 4.43027e-33 9.18061e-29 1.45717e-25 1.16453e-14 5.63483e-30 2.93867e-20 7.32216e-23 
182 0.644363 1.61002e-21 6.76751e-23 2.04594e-26 2.14809e-23 0.355637 2.04997e-22 1.74966e-18 1.50508e-14 2.71265e-17 
183 0.989433 2.06143e-18 1.74643e-16 1.12741e-25 1.80869e-22 2.15866e-14 5.75826e-14 3.65362e-16 0.0105671 2.67831e-18 
184 1 6.76933e-32 7.98922e-33 4.21701e-38 1.01868e-29 1.31667e-40 2.5056e-33 2.98868e-35 3.535e-31 1.27363e-30 
185 0.998567 3.07563e-25 1.53545e-25 1.27056e-31 2.30898e-22 4.13947e-26 9.97371e-15 1.53438e-22 0.00143284 3.08441e-08 
186 0.358496 1.6956e-23 1.16238e-18 2.71969e-31 1.79123e-28 1.47006e-24 3.74797e-26 4.32599e-29 0.641504 9.40418e-23 
187 1 2.41946e-27 1.31439e-28 1.02121e-36 2.01355e-27 3.70153e-36 3.31859e-28 4.20715e-27 6.18254e-25 1.08443e-29 
188 1 6.63508e-29 6.92581e-29 8.95078e-30 3.04987e-29 2.17011e-37 3.34386e-27 1.52095e-26 1.06413e-26 2.48307e-28 
189 1 6.58e-29 6.87952e-29 8.865e-30 2.92677e-29 2.4131e-37 3.31995e-27 1.55562e-26 1.00334e-26 2.31694e-28 
190 0.43322 1.29196e-09 4.557e-09 4.41826e-09 0.153737 0.398631 0.0143961 2.10674e-06 1.37895e-05 6.86693e-11 
191 0.556601 4.27942e-29 2.06095e-18 2.1556e-46 3.50257e-25 0.443399 6.18911e-36 3.61378e-18 7.90772e-21 1.16118e-19 
192 1.58471e-12 1.03089e-09 1.70969e-13 6.10603e-13 1.94383e-09 2.21638e-09 4.4272e-06 5.35361e-11 1.18947e-07 0.999995 
193 1.27021e-32 9.06512e-08 4.63243e-09 9.44427e-11 5.03273e-13 7.75049e-20 0.000127022 0.208459 1.54506e-13 0.791414 
194 1 2.26899e-27 1.30572e-28 1.17115e-36 1.91364e-27 3.23228e-36 3.02407e-28 4.09133e-27 5.59686e-25 1.06227e-29 
195 0.0811192 9.27647e-31 1.42318e-33 4.24893e-38 4.3286e-41 7.32997e-38 0.918881 1.07942e-23 2.03278e-24 5.59e-29 
196 0.592746 1.3038e-12 0.397249 3.92201e-07 2.32053e-08 1.55814e-17 0.0100047 9.07788e-14 2.65812e-12 5.01935e-09 
197 6.37952e-09 0.000119799 0.000322239 3.15042e-12 8.61975e-08 3.7642e-13 0.000110918 6.99626e-07 0.761123 0.238324 
198 1 5.22695e-28 4.616e-31 6.99954e-40 1.58298e-28 2.67776e-37 1.03411e-28 1.08528e-27 2.8139e-25 6.46836e-31 
199 0.358496 1.98027e-23 1.14426e-18 3.0784e-31 2.11338e-28 1.54146e-24 3.5273e-26 4.42974e-29 0.641504 8.68176e-23 
200 1 8.56782e-27 4.08428e-19 1.62082e-25 1.33459e-28 6.32588e-28 4.60283e-26 1.71381e-21 7.80151e-19 5.6698e-21 
201 1 4.2236e-20 2.52264e-23 1.30256e-27 1.06221e-20 4.37613e-24 7.40497e-17 2.70739e-23 6.08018e-13 2.10124e-13 
202 0.204063 2.83287e-21 5.06634e-25 1.27952e-24 1.06422e-21 1.03447e-13 6.26786e-11 0.795937 1.19209e-22 4.40337e-22 
203 0.191074 0.00226914 5.0734e-06 4.98994e-09 5.40937e-07 4.62511e-06 0.804694 0.00195222 1.34277e-10 3.21193e-07 
204 9.58775e-14 2.23906e-18 1.71041e-19 4.67135e-18 1 4.46037e-22 1.91116e-33 3.18269e-15 1.14346e-20 8.99525e-09 
205 0.152528 3.79122e-14 0.0856637 4.63256e-16 1.21385e-11 0.761799 3.36945e-15 9.59921e-06 6.11049e-11 6.86544e-13 
206 7.65364e-12 3.89681e-18 1.28052e-14 4.37653e-08 2.78121e-07 1.13392e-10 1.77033e-11 0.0207503 0.979241 8.19316e-06 
207 3.13703e-27 1.15705e-21 2.01407e-22 3.44934e-20 0.999999 1.1464e-06 7.44724e-31 3.01807e-18 1.41159e-25 3.77009e-22 
208 6.99452e-23 6.50925e-19 5.95174e-08 4.90941e-19 0.000688293 1.25244e-05 0.999299 5.51592e-09 4.7076e-11 2.55282e-21 
209 0.766335 8.5849e-14 0.00321101 0.230436 3.44062e-10 2.30996e-06 3.27227e-18 1.48097e-05 2.75982e-19 1.11707e-23 
210 0.753963 0.246037 3.21374e-19 4.4609e-28 2.81949e-13 2.73707e-23 4.78929e-13 2.99579e-15 2.04662e-20 2.73594e-26 
211 0.000484084 3.09179e-25 8.39625e-22 3.75204e-27 2.85523e-22 6.02226e-14 6.67566e-15 0.999516 7.89142e-30 1.4454e-26 
212 0.0799781 4.89548e-14 5.49627e-10 0.920022 7.89098e-12 4.71867e-08 2.67653e-11 2.65289e-08 2.94822e-08 1.68727e-14 
213 2.06601e-07 1.0024e-07 9.60804e-09 7.77836e-18 5.49105e-09 1.1042e-13 1.08088e-07 0.448408 0.551592 5.29916e-11 
214 0.00379993 6.46055e-11 8.15552e-11 1.27775e-09 4.59937e-11 0.9962 9.65131e-14 7.61223e-12 4.36906e-21 2.78916e-18 
215 1 4.43025e-18 1.91846e-19 1.54525e-23 1.67039e-11 5.73647e-17 1.36679e-19 2.60945e-16 6.66545e-18 1.73383e-18 
216 1.58143e-21 0.333171 2.69945e-17 1.1279e-19 0.409017 7.0606e-22 0.257812 1.0667e-07 3.86202e-15 2.9301e-07 
217 1 2.10616e-32 9.56669e-26 3.8194e-28 4.91763e-21 2.33667e-31 4.95933e-18 7.47507e-20 1.33844e-23 2.97469e-30 
218 7.01945e-17 1.51509e-14 4.35712e-05 0.0505693 3.73945e-16 6.43332e-13 2.1078e-17 0.000163974 0.949148 7.5558e-05 
219 0.683549 5.77684e-17 0.246716 1.41962e-10 2.92826e-17 0.0697351 2.29226e-12 3.02622e-18 2.42685e-10 2.53444e-07 
220 0.174655 0.106979 0.000351886 0.324044 0.000124096 0.00419828 7.35619e-17 3.15882e-06 0.000534115 0.38911 
221 1.96345e-13 0.997047 5.46324e-13 2.19389e-17 1.66013e-06 8.74435e-14 1.55105e-17 0.00295121 1.89526e-10 4.48082e-21 
222 0.999403 0.000597488 1.67135e-26 1.38004e-16 1.31915e-17 5.75151e-34 2.93467e-10 2.31753e-13 4.59098e-22 3.17452e-32 
223 1 2.20581e-17 5.13438e-18 4.0065e-21 2.84454e-12 1.67611e-08 1.58998e-18 8.80715e-19 1.43637e-17 4.21435e-25 
224 0.999936 3.99002e-20 4.90704e-25 7.82263e-29 1.08182e-17 9.04122e-21 6.37555e-05 1.40015e-15 3.88793e-27 9.71696e-27 
225 0.999998 1.51958e-06 1.05445e-20 1.36617e-15 7.84456e-14 2.64085e-21 6.0818e-13 2.30202e-19 2.38853e-17 1.38982e-21 
226 1.2361e-14 1.86409e-24 5.97451e-18 4.16891e-25 8.89736e-17 1.11642e-16 2.76754e-11 5.54725e-19 8.78562e-16 1 
227 0.200179 9.30306e-14 3.41092e-18 2.26803e-16 5.83862e-11 0.79982 7.10358e-13 8.36945e-07 8.91048e-16 1.26711e-17 
228 0.517886 5.99806e-08 0.00646179 1.41229e-07 0.362139 6.68726e-06 0.070169 0.0382798 0.00505651 4.37505e-07 
229 0.0535602 7.87454e-27 1.73239e-19 4.13883e-25 2.75398e-14 0.94644 2.82813e-18 1.15026e-08 2.1865e-22 1.72674e-19 
230 1.26228e-08 5.50327e-22 3.7766e-12 2.31188e-11 6.86e-16 9.77316e-15 3.40474e-18 1.00943e-15 1 2.73455e-13 
231 5.0432e-14 5.12238e-14 6.54341e-13 3.44756e-10 1 4.54089e-13 8.79352e-13 7.60408e-13 6.17417e-15 2.16966e-11 
232 0.188681 3.42861e-33 6.44769e-21 6.55806e-37 8.97671e-27 0.811319 5.85302e-11 8.25746e-18 1.10442e-28 3.4851e-18 
233 1 1.29235e-31 8.47391e-23 1.2926e-27 2.16145e-26 1.34954e-32 9.49537e-16 1.68982e-25 2.5988e-26 3.28307e-18 
234 2.96061e-10 9.93211e-19 5.85428e-13 6.09023e-24 1.27902e-19 1 8.17899e-15 1.53765e-20 9.47674e-18 8.95806e-20 
235 8.45123e-24 1.63293e-16 1.52879e-17 2.44196e-21 0.139733 2.30637e-20 0.860267 5.72473e-14 1.69468e-26 2.178e-18 
236 6.50412e-22 1.87636e-26 6.93619e-18 5.1756e-12 1 1.93495e-20 1.59488e-13 5.69511e-17 3.638e-25 3.37522e-16 
237 2.56868e-14 5.77958e-16 1.18349e-05 2.86664e-14 0.000369479 8.05632e-27 0.0107684 0.766669 0.0206932 0.201488 
238 0.0110759 1.38676e-05 2.14868e-10 1.19933e-09 0.333639 2.59572e-17 1.07906e-06 3.22785e-05 0.560357 0.0948813 
239 1.0038e-08 9.53241e-11 5.30605e-08 9.23163e-18 1.02642e-07 8.45585e-15 2.8936e-05 0.97701 0.022961 1.05376e-07 
240 1 6.34602e-20 8.16723e-19 4.16721e-20 8.88403e-13 1.69629e-11 1.60854e-15 7.6767e-13 5.93155e-12 8.55874e-23 
241 1 1.15457e-18 1.0953e-08 8.97766e-19 1.13275e-14 2.56904e-20 2.32223e-13 1.60651e-10 5.07895e-15 5.94519e-13 
242 1.73837e-07 1.40513e-07 0.00855129 1.75525e-08 6.19565e-09 2.26064e-19 4.33894e-10 0.991448 2.86617e-11 1.94556e-07 
243 8.6273e-14 1.0848e-16 3.93982e-19 9.42952e-07 0.999998 3.45434e-09 8.49846e-08 5.83219e-12 1.0565e-14 1.39811e-06 
244 0.663601 8.13867e-12 4.59271e-18 1.33721e-11 0.274971 0.0176762 0.0418915 1.53618e-06 0.00185831 4.5127e-07 
245 1 2.03031e-25 3.46775e-29 1.77528e-32 1.90023e-25 7.00641e-24 7.05089e-24 8.10759e-18 1.89589e-25 1.3601e-30 
246 1 1.57843e-36 2.98642e-35 1.46178e-50 2.36857e-38 9.29642e-45 6.02524e-25 1.03621e-26 5.16247e-35 1.75099e-48 
247 1.412e-12 8.93624e-14 6.58271e-14 2.56542e-12 0.997197 3.24694e-12 4.51485e-09 5.44029e-07 2.32891e-11 0.00280266 
248 9.54747e-10 6.2161e-13 0.000106046 1.21824e-20 1.2143e-14 1.17054e-21 0.999894 3.03412e-14 4.13052e-10 2.10229e-23 
249 9.17896e-07 0.999999 4.79685e-22 8.54131e-19 1.58414e-09 1.6556e-07 1.0717e-13 4.21466e-13 1.03082e-16 9.51319e-17 
250 9.66166e-21 1.10206e-12 5.18715e-20 3.69441e-14 1.92097e-13 9.03866e-19 7.9637e-21 9.92911e-15 2.22239e-11 1 
251 0.399864 1.83905e-22 3.08566e-22 6.97777e-24 4.86786e-29 0.600136 4.92033e-26 1.35069e-09 5.16368e-21 3.61842e-08 
252 2.77131e-08 3.68341e-13 2.50922e-15 1.20313e-09 2.1134e-18 1 3.33113e-18 3.07452e-19 9.46816e-35 5.58599e-10 
253 7.90606e-16 6.74742e-15 5.9639e-08 0.990867 0.00227972 2.1413e-13 0.00347657 2.11076e-06 1.06117e-06 0.00337316 
254 1 1.15309e-24 3.85212e-25 1.71542e-20 1.13961e-17 7.44295e-19 1.79421e-10 3.64624e-16 1.76792e-21 1.06913e-28 
255 0.0590076 5.69302e-14 4.93306e-11 0.000842893 0.852727 2.27521e-14 6.69427e-33 9.20552e-08 0.0874204 1.75657e-06 
256 1 1.20169e-13 3.3405e-14 1.24926e-20 6.10637e-16 3.16214e-17 6.99397e-12 1.31593e-17 1.40736e-18 2.53607e-19 
257 9.22617e-16 1.69775e-25 4.39573e-13 2.02037e-27 2.71247e-09 1.80406e-19 0.0792476 3.58e-11 1.46688e-10 0.920752 
258 1 9.95415e-25 3.81076e-29 3.20716e-32 2.85615e-23 2.6309e-28 7.68388e-21 1.26869e-28 1.05401e-23 6.50234e-29 
259 8.40075e-06 1.48303e-17 8.76032e-12 0.999991 1.19683e-15 1.48484e-07 1.30392e-15 2.12924e-15 1.26711e-18 7.45392e-22 
260 5.51711e-10 7.56797e-07 1.52423e-09 1.5975e-23 1.83247e-08 0.00149757 0.998458 2.24371e-19 4.34026e-05 4.99879e-11 
261 0.674582 0.228029 1.55176e-08 0.0846936 1.88861e-11 0.0126952 2.25208e-11 3.72595e-07 2.22058e-11 1.06421e-14 
262 0.62334 1.00279e-14 9.8084e-12 2.09431e-17 0.37666 3.37564e-30 2.06658e-13 1.21821e-21 1.01031e-26 4.47241e-19 
263 0.0594036 2.98315e-21 0.940596 7.62604e-20 1.83445e-16 1.60627e-10 1.55285e-15 7.01561e-19 1.08871e-14 1.41836e-27 
264 0.0922614 1.27358e-21 8.02998e-13 5.4941e-28 4.35477e-26 9.37948e-10 5.82241e-37 2.04677e-23 0.907739 2.82802e-18 
265 1.05943e-12 9.75891e-16 0.0884282 3.68878e-07 0.147347 1.09771e-19 2.67696e-15 0.764224 9.74255e-10 3.02708e-12 
266 0.23412 1.47717e-15 0.176809 2.30813e-19 1.32383e-12 9.6408e-26 8.87757e-11 0.589071 4.56687e-11 3.95901e-07 
267 1 7.16691e-20 3.14259e-25 6.89332e-29 5.27661e-20 9.33223e-13 7.5401e-19 9.84506e-23 1.88183e-33 2.19789e-32 
268 3.6417e-31 6.11121e-14 0.679294 7.01821e-21 2.8868e-11 2.87965e-15 9.67568e-05 0.32058 2.24226e-05 7.29563e-06 
269 4.96177e-09 0.0527759 7.08278e-05 1.91518e-16 1.72862e-08 8.89102e-16 0.947153 3.27474e-18 1.08365e-14 1.02839e-18 
270 0.00103087 0.258568 3.36958e-15 1.0501e-13 2.96789e-06 0.56883 0.171568 2.04755e-19 2.07483e-16 1.39923e-14 
271 7.18559e-07 9.99472e-20 1.17984e-13 0.999999 5.88525e-18 1.10793e-07 1.56282e-17 1.04769e-16 7.93001e-20 7.6262e-25 
272 5.72496e-22 0.0865756 0.0090313 0.0182052 0.786236 3.71747e-08 2.53761e-07 0.0999517 9.34561e-09 1.53989e-14 
273 3.63916e-05 6.418e-16 0.535452 2.04584e-08 8.10868e-06 4.52109e-16 6.26097e-07 0.464491 5.34581e-10 1.12039e-05 
274 4.81611e-07 3.30366e-10 1.30542e-15 1.4828e-14 1.18952e-08 7.6679e-10 1.945e-19 4.00498e-06 0.682929 0.317067 
275 0.999999 1.46742e-31 2.06819e-23 3.32484e-25 2.74029e-24 4.23412e-27 4.77993e-15 5.30353e-07 5.57867e-31 5.67771e-30 
276 0.00146204 7.20274e-29 1.6539e-26 8.88033e-32 4.092e-22 4.7913e-16 1.68206e-17 0.998538 2.03749e-28 2.51778e-26 
277 5.56617e-14 1.175e-16 8.93854e-16 1.46062e-27 8.47317e-17 2.30767e-12 1 3.82651e-12 1.48811e-10 3.61848e-18 
278 7.66416e-10 6.3493e-19 2.88651e-06 1.53235e-15 0.274006 0.000651546 0.722821 0.00251582 2.80607e-06 1.9024e-15 
279 3.88674e-08 3.77893e-18 5.31134e-20 1.89486e-19 4.56259e-17 1 8.82065e-19 5.4371e-18 1.85307e-15 7.22377e-19 
280 1.77205e-21 2.21526e-06 1.48991e-08 4.14597e-05 0.426131 1.25794e-13 0.328021 0.245767 1.31862e-05 2.43579e-05 
281 6.23568e-10 3.26884e-11 4.41704e-08 4.95466e-07 0.00592187 7.81013e-10 9.09177e-06 0.0120735 0.86629 0.115705 
282 1.10668e-18 1.98506e-15 2.82008e-13 2.1593e-12 6.27106e-05 6.01676e-17 0.999937 9.68987e-10 6.14804e-17 6.29472e-09 
283 8.23654e-11 4.84514e-29 1.6096e-28 2.78081e-35 5.65518e-29 1 2.08206e-24 2.09418e-22 6.23156e-29 1.11707e-30 
284 9.59027e-20 2.16836e-21 2.14812e-14 9.4776e-31 1.17527e-13 1.26301e-20 1 5.00531e-19 1.15134e-16 6.02861e-24 
285 3.3068e-06 1.83299e-27 3.72837e-20 8.26113e-18 1.77165e-21 0.999997 5.19652e-27 5.4487e-10 6.68136e-24 4.73303e-08 
286 0.021454 1.41823e-06 2.74371e-16 3.83424e-12 0.816182 5.27768e-05 0.00208326 0.0834095 0.076817 3.12916e-08 
287 5.27841e-21 1.32138e-18 7.69137e-10 5.17225e-20 1 3.14977e-17 2.9681e-26 7.5545e-15 1.02879e-20 6.15679e-10 
288 5.77746e-20 1.87935e-14 3.47746e-19 1.07416e-17 1 2.30143e-19 5.06772e-18 3.7152e-16 1.50632e-16 4.58379e-11 
289 2.61559e-10 9.01957e-12 0.0026003 0.00542922 2.21991e-06 2.12072e-14 0.00352385 1.59762e-08 0.988372 7.21894e-05 
290 1 9.87352e-20 4.95384e-22 7.56063e-22 1.66513e-08 8.03225e-20 2.31319e-09 7.90805e-17 9.76816e-13 6.58529e-27 
291 1 5.93816e-23 1.66594e-27 8.55563e-26 1.7292e-17 4.03552e-17 1.47652e-20 1.05984e-18 2.3425e-22 1.40284e-25 
292 4.421e-11 6.23539e-23 0.00484226 4.83105e-25 2.05175e-09 0.000666194 5.15366e-13 0.994492 2.80777e-19 3.96221e-28 
293 8.11842e-08 2.09972e-22 1.01054e-11 2.08278e-06 0.999996 1.28744e-19 9.84303e-23 3.25213e-11 2.22087e-06 6.69003e-08 
294 6.41873e-06 9.67387e-17 4.89886e-11 3.59821e-11 1.5224e-12 0.997345 2.37234e-14 1.09179e-11 9.59449e-10 0.00264897 
295 1.97251e-10 1.06116e-05 1.37916e-05 0.04792 0.763444 5.69286e-15 2.46637e-06 0.00569955 0.140413 0.0424965 
296 1.27879e-18 2.89417e-15 1.8221e-15 6.79794e-10 0.813341 5.10588e-11 6.86948e-14 2.88459e-09 1.21281e-12 0.186659 
297 0.917051 4.46316e-35 2.3521e-35 5.13506e-32 0.0829488 4.10214e-29 2.03363e-27 4.91663e-27 1.37361e-23 4.07228e-27 
298 0.109582 0.0077376 5.48155e-10 2.14929e-12 0.000781039 3.32361e-05 0.881848 1.7743e-05 1.49125e-09 3.48194e-10 
299 0.00538668 1.43264e-07 6.605e-05 6.71264e-07 0.790608 1.1065e-08 0.00739869 0.00918458 0.187346 9.85198e-06 
300 0.300827 7.47577e-07 2.75536e-08 3.95383e-13 0.655221 1.45867e-06 0.000275862 3.20208e-14 2.47904e-06 0.0436716 
301 5.62135e-17 2.69716e-09 6.95043e-07 3.37674e-15 1.01425e-07 1.04129e-18 0.999999 3.09144e-12 6.74039e-15 1.99042e-22 
302 1 2.58295e-28 6.62904e-23 3.03486e-22 7.24152e-12 7.21839e-22 3.94331e-18 9.24395e-18 3.51948e-18 4.93454e-22 
303 0.999794 2.4654e-10 0.000168762 5.2853e-16 5.2978e-14 6.44071e-16 2.5081e-10 1.85907e-06 3.55987e-05 1.84022e-12 
304 1 4.27506e-18 6.44445e-11 1.08678e-22 3.1939e-22 1.74506e-20 5.60334e-10 1.09791e-18 4.5194e-08 1.77385e-17 
305 0.00350399 5.05864e-22 0.359245 2.5762e-15 1.16645e-17 1.9748e-13 0.628324 0.0089275 1.7744e-12 1.0546e-21 
306 3.50835e-19 1.94873e-20 8.74587e-13 8.68832e-17 1.40783e-16 3.35515e-18 6.72279e-18 3.59925e-19 0.412085 0.587915 
307 7.6354e-18 1.21818e-13 8.77054e-34 3.26015e-18 2.57814e-16 2.10676e-27 3.95865e-13 9.2673e-08 0.999999 8.08371e-07 
308 1.64779e-19 1.09275e-20 0.99753 2.22125e-26 5.88271e-23 1.99896e-38 0.00247025 6.58851e-29 1.31851e-16 3.87075e-19 
309 1 1.97632e-11 2.03827e-10 1.74315e-30 3.10609e-12 5.00563e-18 6.39609e-12 8.13579e-08 9.12573e-09 4.74509e-16 
310 9.19686e-17 8.50301e-09 3.32499e-05 9.13496e-09 4.35753e-08 4.43854e-14 0.000244732 5.98332e-08 0.999624 9.79583e-05 
311 2.58653e-27 8.15263e-09 0.00159287 7.19101e-11 0.998243 9.15898e-17 0.000163993 2.49191e-10 1.4656e-11 3.45605e-19 
312 2.42242e-22 1.58381e-18 4.63141e-20 9.94421e-12 6.04502e-12 1.44353e-09 1.84097e-18 0.017303 2.28727e-11 0.982697 
313 9.47264e-29 4.29375e-21 0.999998 8.06811e-21 6.28326e-24 6.35234e-12 4.44706e-13 1.20442e-14 1.84267e-06 8.28031e-18 
314 9.27852e-22 1.30996e-18 1.54603e-15 6.38378e-11 4.33701e-06 2.06824e-16 0.999995 3.69936e-18 3.37038e-07 1.96785e-15 
315 4.74261e-25 4.22661e-14 3.71423e-10 0.170379 6.25269e-14 6.45046e-22 2.16123e-18 2.13576e-13 0.829621 2.41902e-11 
316 2.49444e-13 1.5476e-10 3.82104e-07 2.27029e-21 1.75628e-08 6.38418e-07 0.023627 2.09326e-06 0.97637 1.43645e-07 
317 5.33136e-13 5.7118e-20 9.26675e-12 4.68112e-25 1.27083e-12 3.89742e-22 1.51285e-12 4.88821e-11 0.999992 7.89938e-06 
318 1.44941e-22 1.14552e-13 0.0241589 0.140969 2.37405e-14 3.53244e-15 2.61256e-12 3.86181e-13 3.64906e-06 0.834868 
319 4.5521e-23 1.3186e-10 1.86431e-07 2.02119e-18 1.51778e-16 1.84953e-14 1 6.41748e-16 3.90225e-14 6.58251e-11 
320 1.27456e-19 3.86141e-10 2.63148e-16 7.20042e-14 2.19835e-21 1.00343e-17 2.04474e-17 2.19525e-21 4.13988e-16 1 
321 1.28588e-16 1.20507e-06 0.491969 0.0022643 1.93909e-12 5.77979e-12 1.42244e-16 1.94857e-14 9.29454e-08 0.505766 
322 1.40747e-11 3.79085e-05 0.988902 2.62874e-15 6.91514e-08 6.83924e-17 3.57955e-05 0.0110168 7.71266e-06 1.35807e-11 
323 6.72695e-22 0.0729555 0.348571 1.84494e-14 1.66453e-10 0.00104944 0.192081 3.67313e-19 0.385343 5.4474e-19 
324 8.68733e-21 2.06098e-08 0.000543067 6.84178e-21 0.000116683 4.90328e-15 0.995396 0.000215013 0.00372901 1.25815e-18 
325 1.77709e-24 1.76035e-05 4.26524e-06 1.93727e-07 6.99649e-11 1.1088e-14 1.71158e-16 0.99361 2.16876e-17 0.00636758 
326 8.4018e-22 8.29579e-13 8.23064e-10 1.71553e-33 2.68501e-33 3.20769e-25 6.72264e-20 6.18462e-18 1 1.9599e-28 
327 1.16694e-19 6.57452e-14 1.36986e-11 2.82033e-19 5.92573e-11 2.73816e-19 0.999998 6.09683e-09 2.19964e-06 1.21526e-07 
328 1.05771e-23 1.83827e-12 3.6648e-09 1.14438e-10 9.35544e-20 1.02285e-13 5.7025e-12 2.05853e-12 3.73902e-10 1 
329 8.15591e-33 5.005e-19 6.32098e-23 1.25832e-17 2.71948e-34 3.119e-39 2.93823e-25 2.19771e-34 1 1.67556e-29 
330 0.541581 6.15711e-13 4.38901e-13 9.27204e-19 0.00726005 1.46437e-12 0.451159 5.49173e-12 1.23253e-10 3.76993e-09 
331 5.69829e-17 2.83649e-07 1 2.37122e-11 3.396e-19 5.47451e-16 2.04967e-12 6.07059e-12 4.15881e-09 3.37023e-11 
332 5.6552e-10 0.397823 0.037775 8.01085e-17 0.022286 0.0261283 0.362859 1.04117e-17 0.153128 1.16935e-09 
333 2.93728e-22 8.55072e-12 1.53786e-11 6.03556e-30 4.65365e-23 5.03134e-28 5.76196e-12 1 3.21814e-13 3.38723e-10 
334 2.10898e-22 6.12029e-21 5.24079e-05 1.7704e-17 3.06093e-09 7.00973e-11 6.81784e-10 2.0156e-14 0.000971702 0.998976 
335 1.52189e-07 1.27203e-08 4.12696e-05 1.61217e-15 1.70462e-10 4.47557e-17 0.88851 0.108282 0.00316675 9.29985e-15 
336 5.98498e-07 4.65846e-12 9.84579e-06 2.10543e-18 1.59476e-10 1.45553e-15 1.59509e-09 1.81327e-12 0.835336 0.164653 
337 9.78667e-13 0.000267308 0.584309 6.74286e-37 1.11424e-30 1.59223e-09 0.415424 2.91788e-13 9.71035e-10 9.78075e-33 
338 4.82912e-20 0.999999 3.01635e-08 3.2889e-18 8.93087e-07 5.10734e-12 2.7079e-07 1.71584e-11 2.54791e-10 2.27988e-13 
339 1.58022e-22 1.95739e-17 3.39766e-08 3.41894e-15 2.43971e-11 1.23711e-16 0.999997 1.30895e-06 3.05171e-09 1.68138e-06 
340 1.84032e-26 3.11441e-13 1.62076e-13 0.298257 3.72012e-17 1.21549e-17 3.48571e-15 1.16846e-18 0.701743 8.54073e-21 
341 9.53239e-23 4.43814e-11 0.566119 1.28382e-12 5.6906e-10 3.04464e-13 0.43358 3.93969e-10 0.000301224 7.17897e-12 
342 6.19371e-23 1.64278e-15 1 1.19006e-17 4.38519e-20 3.11044e-15 2.81522e-12 1.85915e-16 2.03594e-07 4.49638e-21 
